data/euroclim_0.0_0.5x0.5_temperature_limitation_-5000.asc
ncols	104
nrows	52
xllcorner	-9.750000
yllcorner	31.250000
cellsize	0.500000
NODATA_value	NaN
NaN NaN NaN NaN NaN 0.650137 0.650137 0.650137 NaN 0.650137 0.650137 NaN NaN NaN NaN NaN NaN NaN NaN NaN NaN NaN NaN NaN NaN NaN NaN NaN NaN NaN NaN NaN NaN NaN NaN NaN NaN NaN NaN NaN NaN NaN NaN NaN NaN NaN NaN NaN NaN NaN NaN 0.953973
NaN NaN NaN NaN NaN 0.650137 0.650137 0.650137 0.650137 0.650137 0.650137 NaN NaN NaN NaN NaN NaN NaN NaN NaN NaN NaN NaN NaN NaN NaN NaN NaN NaN NaN NaN NaN NaN NaN NaN 0.915069 0.915069 NaN NaN NaN NaN NaN NaN NaN NaN NaN NaN NaN NaN 0.953973 0.953973 0.953973
NaN NaN NaN NaN NaN 0.650137 0.650137 0.650137 0.650137 0.650137 0.650137 NaN NaN NaN NaN NaN NaN NaN NaN NaN NaN NaN NaN NaN NaN NaN NaN 0.866301 0.866301 0.866301 0.866301 0.866301 0.866301 0.866301 0.915069 0.915069 0.915069 0.915069 0.915069 0.915069 NaN NaN NaN NaN NaN NaN NaN NaN 0.953973 0.953973 0.953973 0.953973
NaN NaN NaN NaN 0.650137 0.650137 0.650137 0.650137 0.650137 0.650137 0.650137 NaN NaN NaN NaN NaN NaN NaN NaN NaN NaN NaN NaN NaN NaN NaN NaN 0.866301 0.866301 0.866301 0.866301 0.866301 0.866301 0.915069 0.915069 0.915069 0.915069 0.915069 0.915069 0.915069 NaN NaN NaN NaN NaN NaN NaN 0.953973 0.953973 0.953973 0.953973 0.953973
NaN NaN NaN NaN 0.650137 0.650137 0.650137 0.650137 0.650137 0.650137 NaN NaN NaN NaN NaN NaN NaN NaN NaN NaN NaN NaN NaN NaN NaN NaN 0.866301 0.866301 0.866301 0.866301 0.866301 0.866301 0.915069 0.915069 0.915069 0.915069 0.915069 0.915069 0.915069 0.915069 NaN NaN NaN NaN NaN NaN NaN 0.953973 0.953973 0.953973 0.953973 0.889041
NaN NaN NaN 0.650137 0.650137 0.650137 0.650137 0.650137 0.650137 0.650137 NaN NaN NaN NaN NaN NaN NaN NaN NaN NaN NaN NaN NaN NaN NaN NaN NaN 0.866301 0.866301 0.866301 0.866301 0.866301 0.915069 0.915069 0.915069 0.915069 0.915069 0.915069 0.915069 0.915069 NaN NaN NaN NaN NaN NaN 0.889041 0.953973 0.953973 0.953973 0.953973 0.889041
NaN NaN NaN 0.650137 0.650137 0.650137 0.650137 0.650137 0.650137 0.650137 NaN NaN NaN NaN NaN NaN NaN NaN NaN NaN NaN NaN NaN NaN NaN NaN NaN 0.866301 0.866301 0.866301 0.866301 0.915069 0.915069 0.915069 0.915069 0.915069 0.915069 0.915069 0.915069 0.915069 NaN NaN NaN NaN NaN NaN 0.889041 0.889041 0.953973 0.953973 0.953973 0.889041
NaN NaN NaN 0.650137 0.650137 0.650137 0.650137 0.650137 0.650137 NaN NaN NaN NaN NaN NaN NaN NaN NaN NaN NaN NaN NaN NaN NaN NaN NaN NaN 0.866301 0.866301 0.866301 0.866301 0.746849 0.915069 0.915069 0.915069 0.915069 0.915069 0.915069 0.915069 0.931781 0.931781 NaN NaN NaN 0.889041 0.889041 0.889041 0.889041 0.889041 0.953973 0.889041 0.953973
0.510959 0.510959 0.510959 NaN 0.650137 0.650137 NaN NaN NaN NaN NaN NaN NaN NaN NaN NaN NaN NaN NaN NaN NaN NaN NaN NaN NaN NaN NaN 0.866301 0.746849 0.746849 0.746849 0.746849 0.746849 0.915069 0.915069 0.915069 0.915069 0.915069 0.931781 0.931781 0.931781 0.931781 0.931781 0.889041 0.889041 0.889041 0.889041 0.889041 0.889041 0.889041 0.889041 0.953973
0.510959 0.510959 0.510959 NaN NaN NaN NaN NaN NaN NaN NaN NaN NaN 0.620548 NaN NaN NaN NaN NaN NaN NaN NaN NaN NaN NaN NaN NaN 0.746849 0.746849 0.746849 0.746849 0.746849 0.746849 0.915069 0.915069 0.915069 0.915069 0.915069 0.931781 0.931781 0.931781 0.931781 NaN 0.889041 0.889041 0.889041 0.889041 0.889041 0.889041 0.889041 0.953973 0.980548
0.510959 0.510959 0.510959 0.510959 0.510959 NaN NaN NaN NaN NaN 0.620548 NaN NaN 0.620548 NaN NaN NaN NaN NaN NaN NaN NaN NaN NaN NaN NaN NaN 0.746849 0.746849 0.746849 0.746849 0.746849 0.746849 0.748493 0.748493 0.748493 0.748493 0.748493 0.931781 0.931781 0.931781 NaN NaN 0.889041 0.889041 0.889041 0.889041 0.889041 0.875342 0.889041 0.980548 0.980548
0.510959 0.510959 0.510959 0.510959 0.510959 NaN NaN 0.620548 NaN 0.620548 0.620548 NaN 0.620548 NaN NaN NaN NaN 0.767945 NaN NaN NaN NaN NaN NaN NaN NaN NaN 0.746849 0.746849 0.746849 0.746849 0.746849 0.746849 0.748493 0.748493 0.748493 0.748493 0.748493 0.931781 0.931781 0.931781 NaN NaN 0.889041 0.889041 0.889041 0.889041 0.875342 0.875342 0.875342 0.980548 0.980548
0.510959 0.510959 0.510959 0.510959 NaN NaN NaN 0.620548 0.620548 0.620548 0.620548 0.620548 0.620548 0.620548 NaN NaN 0.767945 0.767945 0.767945 NaN NaN NaN NaN NaN NaN NaN NaN 0.746849 0.746849 0.746849 0.746849 0.746849 0.746849 0.748493 0.748493 0.748493 0.748493 0.748493 0.748493 0.931781 0.931781 NaN NaN 0.889041 0.889041 0.889041 0.875342 0.875342 0.875342 0.980548 0.980548 0.980548
0.510959 0.510959 0.510959 0.586301 0.586301 0.586301 NaN 0.620548 0.620548 0.620548 0.620548 0.620548 0.620548 NaN NaN NaN 0.767945 0.767945 0.767945 NaN NaN NaN NaN NaN NaN NaN NaN 0.746849 0.746849 0.746849 0.746849 0.746849 0.746849 0.748493 0.748493 0.748493 0.748493 0.748493 0.748493 0.748493 0.931781 NaN NaN 0.889041 0.889041 0.889041 0.875342 0.875342 0.875342 0.980548 0.980548 0.980548
0.510959 NaN 0.510959 0.586301 0.586301 0.586301 0.586301 0.586301 0.620548 0.620548 0.620548 0.620548 0.620548 NaN NaN NaN NaN 0.767945 0.767945 NaN NaN NaN NaN NaN NaN NaN NaN 0.746849 0.746849 0.746849 0.746849 0.759726 0.759726 0.759726 0.748493 0.748493 0.748493 0.748493 0.748493 0.748493 0.931781 NaN NaN NaN 0.889041 0.875342 0.875342 0.875342 0.875342 0.980548 0.980548 0.980548
NaN NaN 0.586301 0.586301 0.586301 0.586301 0.586301 0.586301 0.586301 0.620548 0.620548 0.620548 0.620548 NaN NaN NaN NaN 0.767945 0.767945 0.767945 NaN NaN NaN NaN NaN NaN NaN 0.746849 0.746849 0.746849 0.746849 0.759726 0.759726 0.759726 0.748493 0.748493 0.748493 0.748493 0.748493 0.931781 0.931781 NaN NaN NaN 0.891781 0.875342 0.875342 0.875342 0.875342 0.980548 0.980548 0.980548
NaN NaN NaN 0.586301 0.586301 0.586301 0.586301 0.586301 0.586301 0.586301 0.586301 0.620548 0.620548 NaN NaN 0.767945 0.767945 0.767945 0.767945 0.767945 0.767945 NaN NaN NaN NaN NaN NaN 0.746849 0.746849 0.746849 0.759726 0.759726 0.759726 0.759726 0.748493 0.748493 0.748493 0.931781 0.931781 0.931781 NaN NaN NaN NaN 0.891781 0.875342 0.875342 0.875342 0.875342 0.875342 0.974247 0.974247
NaN NaN NaN NaN 0.586301 0.586301 0.586301 0.586301 0.586301 0.586301 0.586301 0.620548 0.620548 NaN NaN 0.767945 0.767945 0.767945 0.767945 0.767945 0.767945 0.767945 NaN NaN NaN 0.767945 0.759726 0.759726 0.759726 0.759726 0.759726 0.759726 0.759726 0.759726 0.759726 0.748493 0.748493 0.931781 0.931781 NaN NaN NaN NaN 0.891781 0.891781 0.891781 0.875342 0.875342 0.875342 0.974247 0.974247 0.974247
NaN NaN NaN NaN NaN 0.586301 0.586301 0.586301 0.586301 0.586301 0.586301 0.620548 0.620548 NaN NaN 0.620548 0.620548 0.620548 0.767945 0.767945 0.767945 0.767945 0.767945 0.767945 0.767945 0.767945 0.759726 0.759726 0.759726 0.759726 0.759726 0.759726 0.759726 0.759726 0.759726 0.759726 0.931781 0.931781 0.931781 NaN NaN NaN 0.891781 0.891781 0.891781 0.891781 0.875342 0.875342 0.875342 0.974247 0.974247 0.974247
NaN NaN NaN NaN NaN NaN 0.586301 0.586301 0.586301 0.586301 0.620548 0.620548 0.620548 NaN NaN 0.620548 0.620548 0.620548 0.620548 0.620548 0.767945 0.767945 0.767945 0.767945 0.767945 0.759726 0.759726 0.759726 0.759726 0.759726 0.759726 0.759726 0.759726 0.759726 0.759726 0.759726 0.931781 NaN NaN NaN NaN NaN 0.891781 0.891781 0.891781 0.891781 0.891781 0.875342 0.875342 0.974247 0.974247 0.974247
NaN NaN NaN NaN NaN NaN NaN 0.586301 0.586301 0.620548 0.620548 0.620548 0.620548 NaN 0.620548 0.620548 0.620548 0.620548 0.620548 0.620548 0.620548 0.767945 0.767945 0.767945 0.759726 0.759726 0.759726 0.759726 0.759726 0.759726 0.759726 0.759726 0.759726 0.759726 NaN NaN NaN NaN NaN NaN NaN NaN 0.891781 0.891781 0.891781 0.891781 0.891781 0.875342 0.974247 0.974247 0.974247 0.974247
NaN NaN NaN NaN NaN NaN NaN NaN 0.586301 0.620548 0.620548 0.620548 NaN NaN 0.620548 0.620548 0.620548 0.620548 0.620548 0.620548 0.620548 0.620548 0.620548 0.759726 0.759726 0.759726 0.759726 0.759726 0.759726 0.759726 0.759726 0.759726 0.759726 NaN NaN NaN NaN NaN NaN NaN NaN 0.891781 0.891781 0.891781 0.891781 0.891781 0.891781 0.891781 0.974247 0.974247 0.974247 0.974247
NaN NaN NaN NaN NaN NaN NaN NaN 0.586301 0.620548 NaN 0.620548 NaN NaN 0.620548 0.620548 0.620548 0.620548 0.620548 0.620548 0.620548 0.620548 0.620548 0.620548 0.759726 0.759726 0.759726 0.759726 0.759726 0.759726 0.759726 0.759726 NaN NaN NaN NaN NaN NaN NaN NaN NaN 0.891781 0.891781 0.891781 0.891781 0.891781 0.891781 0.891781 0.876712 0.974247 0.974247 0.974247
NaN NaN NaN NaN NaN NaN NaN NaN NaN NaN NaN NaN 0.620548 0.620548 0.620548 0.620548 0.620548 0.620548 0.620548 0.620548 0.620548 0.620548 0.620548 0.620548 0.759726 0.759726 0.759726 0.759726 0.759726 0.759726 0.759726 0.759726 NaN NaN NaN NaN NaN NaN NaN NaN NaN 0.891781 0.891781 0.891781 0.891781 0.891781 0.876712 0.876712 0.974247 0.974247 0.974247 0.974247
NaN NaN NaN NaN NaN NaN NaN NaN NaN NaN NaN NaN 0.620548 0.620548 0.620548 0.620548 0.620548 0.620548 0.620548 0.620548 0.620548 0.620548 0.620548 0.620548 0.620548 0.759726 0.759726 0.759726 0.759726 0.759726 0.759726 NaN NaN NaN NaN NaN NaN NaN NaN NaN NaN 0.891781 0.891781 0.876712 0.876712 0.876712 0.876712 0.974247 0.974247 0.974247 0.974247 0.974247
NaN NaN NaN NaN NaN NaN NaN NaN NaN NaN NaN NaN 0.620548 0.620548 0.620548 0.620548 0.620548 0.620548 0.620548 0.620548 0.620548 0.620548 0.620548 0.620548 0.620548 0.620548 0.759726 0.759726 0.759726 0.759726 0.759726 NaN NaN NaN NaN NaN NaN NaN NaN NaN 0.891781 0.891781 0.876712 0.876712 0.876712 0.876712 0.876712 0.974247 0.974247 0.974247 0.974247 0.974247
NaN NaN NaN NaN NaN NaN NaN NaN NaN NaN NaN 0.620548 0.620548 0.620548 0.620548 0.620548 0.620548 0.620548 0.620548 0.620548 0.620548 0.620548 0.620548 0.620548 0.620548 0.620548 0.620548 0.759726 NaN NaN NaN NaN NaN NaN NaN NaN NaN NaN NaN NaN 0.891781 0.876712 0.876712 0.876712 0.876712 0.876712 0.876712 0.974247 0.974247 0.974247 0.974247 0.974247
NaN NaN NaN NaN NaN NaN NaN NaN NaN NaN NaN 0.620548 0.620548 0.620548 0.620548 0.620548 0.620548 0.620548 0.620548 0.620548 0.620548 0.620548 0.620548 0.620548 0.620548 0.620548 0.759726 NaN NaN NaN NaN NaN NaN NaN NaN NaN NaN NaN NaN NaN 0.876712 0.876712 0.876712 0.876712 0.876712 0.876712 0.876712 0.974247 0.974247 0.974247 0.974247 0.974247
NaN NaN NaN NaN NaN NaN NaN NaN NaN NaN 0.620548 0.620548 0.620548 0.620548 0.620548 0.620548 0.620548 0.620548 0.620548 0.620548 0.620548 0.620548 0.620548 0.620548 0.620548 0.759726 0.759726 NaN NaN NaN NaN NaN NaN NaN NaN NaN NaN NaN NaN NaN 0.879452 0.876712 0.876712 0.876712 0.876712 0.876712 0.975890 0.975890 0.974247 0.974247 0.974247 0.974247
NaN NaN NaN NaN NaN NaN NaN NaN 0.620548 0.620548 0.620548 0.620548 0.620548 0.620548 0.620548 0.620548 0.620548 0.620548 0.620548 0.620548 0.620548 0.620548 0.620548 0.620548 0.620548 0.759726 0.759726 NaN NaN NaN NaN NaN NaN NaN NaN NaN NaN NaN NaN NaN 0.879452 0.879452 0.975890 0.975890 0.975890 0.975890 0.975890 0.975890 0.975890 0.974247 0.974247 0.986301
NaN NaN NaN NaN NaN NaN NaN NaN NaN 0.525479 0.525479 0.525479 0.620548 0.620548 0.620548 0.620548 0.620548 0.620548 0.620548 0.620548 0.620548 0.620548 0.620548 0.620548 0.620548 0.620548 0.759726 NaN NaN NaN NaN NaN NaN NaN NaN NaN NaN NaN NaN NaN 0.879452 0.879452 0.879452 0.975890 0.975890 0.975890 0.975890 0.975890 0.975890 0.975890 0.986301 0.986301
NaN NaN NaN NaN NaN NaN NaN 0.545479 0.545479 0.545479 0.525479 0.525479 0.525479 0.525479 0.525479 0.620548 0.620548 0.620548 0.620548 0.620548 0.620548 0.620548 0.620548 0.620548 0.620548 0.620548 0.620548 0.759726 NaN NaN NaN NaN NaN NaN NaN NaN NaN NaN NaN NaN 0.879452 0.879452 0.879452 0.879452 0.975890 0.975890 0.975890 0.975890 0.975890 0.975890 0.986301 0.986301
NaN NaN NaN NaN NaN NaN NaN 0.545479 0.545479 0.545479 0.545479 0.525479 0.525479 0.525479 0.525479 0.525479 0.620548 0.620548 0.620548 0.620548 0.620548 0.620548 0.620548 0.620548 0.620548 0.620548 0.620548 0.759726 NaN NaN NaN NaN NaN NaN NaN NaN NaN NaN NaN NaN 0.879452 0.879452 0.879452 0.879452 0.975890 0.975890 0.975890 0.975890 0.975890 0.975890 0.986301 0.986301
NaN NaN NaN NaN NaN NaN NaN 0.545479 0.545479 0.545479 0.545479 0.545479 0.525479 0.525479 0.525479 0.525479 0.620548 0.620548 0.620548 0.525479 0.525479 0.525479 0.620548 0.620548 0.620548 0.620548 0.620548 NaN NaN NaN NaN NaN NaN NaN NaN NaN NaN NaN NaN NaN 0.879452 0.879452 0.879452 0.879452 0.975890 0.975890 0.975890 0.975890 0.975890 0.986301 0.986301 0.986301
NaN NaN NaN NaN NaN NaN NaN 0.545479 0.545479 0.545479 0.545479 0.545479 0.545479 0.525479 0.525479 0.525479 0.525479 0.525479 0.525479 0.525479 0.525479 0.525479 0.525479 0.632055 0.632055 0.620548 0.632055 NaN NaN NaN NaN NaN NaN NaN NaN NaN NaN NaN NaN NaN 0.879452 0.879452 0.879452 0.879452 0.975890 0.975890 0.975890 0.975890 0.986301 0.986301 0.986301 0.986301
NaN NaN NaN NaN NaN NaN 0.545479 0.545479 0.545479 0.545479 0.545479 0.545479 0.545479 0.525479 0.525479 0.525479 0.525479 0.525479 0.525479 0.525479 0.525479 0.525479 0.632055 0.632055 0.632055 0.632055 0.632055 NaN NaN NaN NaN NaN NaN NaN NaN NaN NaN NaN NaN NaN 0.879452 0.879452 0.879452 0.879452 0.975890 0.975890 0.975890 0.975890 0.986301 0.986301 0.986301 0.986301
0.545479 0.545479 0.545479 NaN NaN NaN NaN 0.545479 0.545479 0.545479 0.545479 0.545479 0.545479 0.525479 0.525479 0.525479 0.525479 0.525479 0.525479 0.525479 0.525479 0.525479 0.632055 0.632055 0.632055 0.632055 NaN NaN NaN NaN NaN NaN NaN NaN NaN NaN NaN NaN NaN NaN 0.879452 0.879452 0.879452 0.879452 0.975890 0.975890 0.975890 0.975890 0.986301 0.986301 0.986301 0.986301
0.545479 0.545479 0.545479 0.545479 0.545479 NaN 0.545479 0.545479 0.545479 0.545479 0.545479 0.545479 0.545479 0.525479 0.525479 0.525479 0.525479 0.525479 0.525479 0.525479 0.345205 0.345205 0.632055 0.632055 0.632055 NaN NaN NaN NaN NaN NaN NaN NaN NaN NaN NaN NaN NaN NaN NaN 0.879452 0.879452 0.879452 0.879452 0.975890 0.975890 0.975890 0.986027 0.986027 0.986301 0.986301 0.986301
0.545479 0.545479 0.545479 0.545479 0.545479 0.545479 0.545479 0.545479 0.545479 0.545479 0.545479 0.545479 0.545479 0.525479 0.525479 0.525479 0.525479 0.525479 0.525479 0.525479 0.345205 0.345205 0.632055 0.632055 0.632055 NaN NaN NaN NaN NaN NaN NaN NaN NaN NaN NaN NaN NaN NaN 0.879452 0.879452 0.879452 0.879452 0.879452 0.975890 0.975890 0.986027 0.986027 0.986027 0.986027 0.986301 0.986301
0.487397 0.545479 0.545479 0.545479 0.545479 0.545479 0.545479 0.545479 0.545479 0.545479 0.545479 0.545479 0.545479 0.525479 0.525479 0.525479 0.525479 0.525479 0.525479 0.525479 0.345205 0.345205 0.632055 0.632055 0.632055 0.632055 NaN NaN NaN NaN NaN NaN NaN NaN NaN NaN NaN NaN NaN 0.879452 0.879452 0.879452 0.879452 0.975890 0.975890 0.986027 0.986027 0.986027 0.986027 0.986027 0.986301 0.986301
0.487397 0.487397 NaN 0.545479 NaN 0.545479 0.545479 0.545479 0.545479 0.545479 0.545479 0.545479 0.545479 0.545479 0.525479 0.525479 0.525479 0.525479 0.525479 0.345205 0.345205 0.345205 0.632055 0.632055 0.632055 0.632055 0.825753 NaN NaN NaN NaN NaN NaN NaN NaN NaN NaN NaN NaN NaN 0.879452 0.879452 0.975890 0.975890 0.986027 NaN 0.986027 0.986027 0.986027 0.986027 0.986301 0.986301
NaN 0.487397 NaN 0.545479 NaN 0.545479 0.545479 0.545479 0.545479 0.545479 0.545479 0.545479 0.545479 0.545479 0.545479 0.525479 0.525479 0.525479 0.525479 0.345205 0.345205 0.345205 0.632055 0.632055 0.825753 0.825753 0.825753 0.825753 NaN NaN NaN NaN NaN NaN NaN NaN NaN NaN NaN NaN 0.879452 NaN 0.975890 0.986027 0.986027 NaN NaN 0.986027 0.986027 0.986027 0.986027 0.986301
NaN NaN 0.487397 0.487397 0.545479 NaN 0.545479 0.545479 0.545479 0.545479 0.545479 0.545479 0.545479 0.545479 0.545479 0.501096 0.501096 0.525479 0.525479 0.345205 0.345205 0.632055 0.632055 0.632055 0.825753 0.825753 0.825753 0.825753 0.825753 NaN NaN NaN NaN NaN NaN NaN NaN NaN NaN NaN NaN NaN NaN NaN NaN NaN NaN 0.986027 0.986027 0.986027 0.986027 0.986301
NaN NaN 0.487397 0.487397 0.487397 NaN 0.545479 0.545479 0.545479 0.545479 0.545479 0.545479 0.501096 0.501096 0.501096 0.501096 0.501096 0.501096 0.501096 0.501096 0.345205 0.345205 0.632055 0.632055 0.825753 0.825753 0.825753 0.825753 0.825753 0.825753 NaN NaN NaN NaN NaN NaN NaN NaN NaN NaN NaN NaN NaN NaN NaN NaN NaN NaN 0.986027 0.986027 0.986027 0.986027
NaN NaN 0.487397 0.487397 NaN 0.532329 0.532329 0.532329 0.545479 0.545479 0.545479 0.501096 0.501096 0.501096 0.501096 0.501096 0.501096 0.501096 0.501096 0.501096 0.345205 0.345205 0.345205 0.825753 0.825753 0.825753 0.825753 0.825753 0.825753 0.825753 0.825753 NaN NaN NaN NaN NaN NaN NaN NaN NaN NaN NaN NaN NaN NaN NaN NaN NaN 0.986027 0.986027 0.986027 0.986027
0.487397 0.487397 0.487397 NaN NaN 0.532329 0.532329 0.532329 0.532329 0.532329 0.501096 0.501096 0.501096 0.501096 0.501096 0.501096 0.501096 0.501096 0.501096 0.345205 0.345205 0.345205 0.345205 NaN NaN NaN 0.825753 0.825753 0.825753 0.825753 0.825753 NaN NaN NaN NaN NaN NaN NaN 0.825753 NaN NaN NaN NaN NaN NaN NaN NaN NaN 0.986027 0.986027 0.986027 0.986027
0.487397 0.487397 0.487397 NaN NaN 0.532329 0.532329 0.532329 0.532329 0.532329 0.501096 0.501096 0.501096 0.501096 0.501096 0.501096 0.501096 0.501096 0.501096 0.345205 0.345205 0.345205 0.345205 NaN NaN NaN 0.825753 0.825753 0.825753 0.825753 0.825753 0.825753 NaN NaN NaN NaN NaN NaN 0.825753 NaN NaN NaN NaN NaN NaN NaN NaN NaN 0.986027 0.986027 0.986027 0.986027
0.487397 0.487397 0.487397 NaN NaN NaN 0.532329 0.532329 0.532329 0.532329 0.501096 0.501096 0.501096 0.501096 0.501096 0.501096 0.501096 0.501096 0.501096 0.345205 0.345205 0.345205 0.571233 0.653699 NaN NaN NaN 0.825753 0.825753 0.825753 0.825753 0.825753 NaN NaN NaN NaN NaN NaN 0.825753 0.825753 NaN NaN NaN NaN NaN NaN NaN NaN 0.986027 0.986027 0.986027 0.986027
0.487397 0.487397 0.487397 NaN NaN NaN 0.532329 0.532329 0.532329 0.532329 0.532329 0.501096 0.501096 0.501096 0.501096 0.501096 0.501096 0.501096 0.501096 0.345205 0.501096 0.501096 0.571233 0.653699 NaN NaN NaN NaN NaN 0.825753 0.825753 0.825753 0.825753 NaN NaN NaN NaN NaN 0.825753 0.825753 NaN NaN NaN NaN NaN NaN NaN NaN NaN 0.986027 0.986027 0.986027
0.487397 0.487397 NaN NaN NaN NaN 0.532329 0.532329 0.532329 0.532329 0.532329 0.501096 0.501096 0.501096 0.501096 0.501096 0.501096 0.501096 0.501096 0.345205 0.501096 0.571233 0.653699 0.653699 NaN NaN NaN NaN NaN NaN 0.825753 0.825753 0.825753 NaN NaN NaN NaN NaN 0.825753 0.825753 0.825753 NaN NaN NaN NaN NaN NaN NaN NaN 0.986027 0.986027 0.986027
0.487397 0.487397 NaN NaN NaN NaN 0.532329 0.532329 0.532329 0.532329 0.532329 0.532329 0.501096 0.501096 0.501096 0.501096 0.501096 0.501096 0.501096 0.501096 0.571233 0.653699 0.653699 0.653699 0.653699 0.653699 NaN NaN NaN NaN 0.825753 0.825753 0.825753 0.825753 NaN NaN NaN 0.825753 0.825753 0.825753 NaN NaN NaN NaN NaN NaN NaN NaN NaN 0.986027 0.986027 0.986027
0.487397 0.487397 NaN NaN NaN 0.532329 0.532329 0.532329 0.532329 0.532329 0.532329 0.532329 0.501096 0.501096 0.501096 0.501096 0.571233 0.571233 0.501096 0.571233 0.653699 0.653699 0.653699 0.653699 0.653699 0.653699 0.653699 NaN NaN NaN 0.825753 0.825753 0.825753 0.825753 0.825753 NaN NaN 0.825753 NaN NaN NaN NaN NaN NaN NaN NaN NaN NaN NaN NaN NaN 0.986027
