data/euroclim_0.0_0.5x0.5_natural_fertility_-5000.asc
ncols	104
nrows	52
xllcorner	-9.750000
yllcorner	31.250000
cellsize	0.500000
NODATA_value	NaN
[rows 0 to 32 of 52, columns 0 to 72 of 104]
NaN NaN NaN NaN NaN NaN NaN NaN 0.938421 0.938421 0.938421 0.938421 0.938421 0.938421 0.938421 NaN NaN NaN NaN NaN NaN NaN NaN NaN NaN NaN NaN NaN NaN NaN NaN NaN NaN NaN NaN NaN 0.919343 0.919343 0.919343 0.881428 0.881428 NaN NaN NaN NaN 0.881428 0.881428 0.881428 0.881428 0.881428 0.881428 0.881428 0.881428 0.881428 NaN NaN NaN NaN NaN NaN NaN NaN 0.887972 0.887972 0.887972 0.887972 0.887972 0.887972 0.887972 0.887972 0.887972 0.887972 0.887972
NaN NaN NaN NaN NaN NaN NaN NaN 0.938421 0.938421 0.938421 0.938421 0.938421 0.938421 NaN NaN NaN NaN NaN NaN NaN NaN NaN NaN NaN NaN NaN NaN NaN NaN NaN NaN NaN NaN NaN NaN 0.919343 0.919343 0.919343 0.919343 0.881428 0.881428 NaN NaN NaN 0.881428 0.881428 0.881428 0.881428 0.881428 0.881428 0.881428 NaN NaN NaN NaN NaN NaN NaN NaN NaN NaN 0.887972 0.887972 0.887972 0.887972 0.887972 0.887972 0.887972 0.887972 0.887972 0.887972 0.887972
NaN NaN NaN NaN NaN NaN NaN NaN 0.938421 0.938421 0.938421 0.938421 0.938421 0.938421 0.938421 0.930707 NaN NaN NaN NaN NaN NaN NaN NaN NaN NaN NaN NaN NaN NaN NaN NaN NaN NaN NaN NaN 0.919343 0.919343 0.919343 0.919343 NaN NaN 0.881428 0.881428 0.881428 0.881428 0.881428 0.881428 0.881428 NaN NaN NaN NaN NaN NaN NaN NaN NaN NaN NaN NaN NaN 0.901209 0.887972 0.887972 0.887972 0.887972 0.887972 0.887972 0.887972 0.887972 0.887972 0.887972
NaN NaN NaN NaN NaN 0.973719 0.973719 0.973719 NaN NaN 0.938421 0.938421 0.938421 0.930707 0.930707 0.930707 0.930707 NaN NaN NaN NaN NaN NaN NaN NaN NaN NaN NaN NaN NaN NaN NaN NaN NaN NaN NaN NaN 0.919343 0.919343 0.919343 0.919343 0.919343 0.881428 0.881428 0.881428 NaN NaN NaN NaN NaN NaN NaN NaN NaN NaN NaN NaN NaN NaN NaN NaN NaN 0.901209 0.901209 0.901209 0.887972 0.887972 0.887972 0.887972 0.887972 0.887972 0.887972 0.887972
NaN NaN NaN 0.973719 0.973719 0.973719 0.973719 0.973719 0.973719 NaN 0.938421 0.938421 NaN 0.930707 0.930707 0.930707 0.930707 0.930707 NaN NaN NaN NaN NaN NaN NaN NaN NaN NaN NaN NaN NaN NaN NaN NaN NaN NaN NaN 0.919343 0.919343 0.919343 NaN NaN 0.919343 0.881428 NaN NaN NaN NaN NaN NaN NaN NaN NaN NaN 0.827490 0.827490 0.827490 NaN NaN NaN 0.901209 0.901209 0.901209 0.901209 0.901209 0.901209 0.901209 0.901209 0.901209 0.901209 0.901209 0.901209 0.901209
0.973719 0.973719 0.973719 0.973719 0.973719 0.973719 0.973719 0.973719 0.973719 NaN NaN NaN NaN 0.930707 0.930707 0.930707 0.930707 0.930707 0.930707 NaN NaN NaN NaN NaN NaN NaN NaN NaN NaN NaN NaN NaN NaN NaN NaN NaN NaN NaN 0.919343 0.919343 0.919343 0.919343 NaN NaN 0.842177 0.842177 0.842177 NaN NaN NaN NaN 0.842177 0.842177 0.827490 0.827490 0.827490 0.827490 0.827490 0.827490 0.827490 0.827490 0.875436 0.901209 0.901209 0.901209 0.901209 0.901209 0.901209 0.901209 0.901209 0.901209 0.901209 0.901209
0.973719 0.973719 0.973719 0.973719 0.973719 0.973719 0.973719 0.973719 NaN NaN NaN NaN NaN NaN 0.930707 0.930707 0.930707 0.930707 0.930707 0.930707 NaN NaN NaN NaN NaN NaN NaN NaN NaN NaN NaN NaN NaN NaN NaN 0.919343 NaN 0.919343 0.919343 0.919343 0.919343 0.919343 0.919343 0.919343 0.842177 0.842177 0.842177 0.842177 0.842177 0.842177 0.842177 0.842177 0.842177 0.827490 0.827490 0.827490 0.827490 0.827490 0.827490 0.827490 0.827490 0.875436 0.875436 0.901209 0.901209 0.901209 0.901209 0.901209 0.901209 0.901209 0.901209 0.901209 0.901209
0.973719 0.973719 0.973719 0.973719 0.973719 0.973719 0.973719 0.973719 NaN NaN NaN 0.948519 0.948519 0.948519 0.930707 0.930707 0.930707 0.930707 0.930707 0.930707 0.930707 NaN NaN NaN NaN NaN NaN NaN NaN NaN NaN 0.919343 0.919343 0.919343 0.919343 0.919343 0.919343 0.919343 0.919343 0.919343 0.919343 0.919343 0.919343 0.919343 0.842177 0.842177 0.842177 0.842177 0.842177 0.842177 0.842177 0.842177 0.842177 0.827490 0.827490 0.827490 0.827490 0.827490 0.827490 0.827490 0.827490 0.875436 0.875436 0.875436 0.901209 0.901209 0.901209 0.901209 0.901209 0.901209 0.901209 0.901209 0.901209
NaN 0.973719 0.973719 0.973719 0.973719 0.973719 0.973719 0.973719 NaN NaN NaN NaN 0.948519 0.948519 0.948519 0.930707 0.930707 0.930707 0.930707 0.930707 0.930707 0.930707 0.930707 NaN NaN NaN NaN NaN NaN 0.948519 NaN 0.919343 0.919343 0.919343 0.919343 0.919343 0.919343 0.919343 0.919343 0.919343 0.919343 0.919343 0.919343 0.919343 0.919343 0.842177 0.842177 0.842177 0.842177 0.842177 0.842177 0.842177 0.842177 0.827490 0.827490 0.827490 0.827490 0.827490 0.827490 0.827490 0.875436 0.875436 0.875436 0.875436 0.875436 0.901209 0.901209 0.901209 0.901209 0.901209 0.880922 0.880922 0.880922
0.973719 0.973719 0.973719 0.973719 0.973719 0.973719 0.973719 NaN NaN NaN NaN 0.948519 0.948519 0.948519 0.948519 0.948519 0.930707 0.930707 0.930707 0.930707 0.948519 0.948519 0.948519 NaN NaN NaN NaN NaN NaN 0.948519 0.939653 0.919343 0.919343 0.919343 0.919343 0.919343 0.919343 0.919343 0.919343 0.919343 0.919343 0.919343 0.919343 0.919343 0.919343 0.842177 0.842177 0.842177 0.842177 0.842177 0.842177 0.842177 0.842177 0.842177 0.827490 0.827490 0.827490 0.827490 0.827490 0.875436 0.875436 0.875436 0.875436 0.875436 0.875436 0.875436 0.901209 0.901209 0.880922 0.880922 0.880922 0.880922 0.880922
0.973719 0.973719 0.973719 0.973719 NaN NaN NaN NaN NaN NaN 0.948519 0.948519 0.948519 0.948519 0.948519 0.948519 0.930707 0.930707 0.930707 0.948519 0.948519 0.948519 NaN NaN NaN NaN NaN NaN 0.948519 0.948519 0.939653 0.939653 0.919343 0.919343 0.919343 0.919343 0.919343 0.919343 0.919343 0.919343 0.919343 0.919343 0.919343 0.919343 0.919343 0.915227 0.915227 0.915227 0.842177 0.842177 0.842177 0.842177 0.842177 0.842177 0.875436 0.875436 0.875436 0.875436 0.875436 0.875436 0.875436 0.875436 0.875436 0.875436 0.875436 0.880922 0.880922 0.880922 0.880922 0.880922 0.880922 0.880922 0.880922
NaN NaN NaN NaN NaN NaN NaN NaN NaN NaN NaN NaN 0.948519 0.948519 0.948519 0.948519 0.948519 0.948519 0.948519 0.948519 0.948519 0.948519 0.948519 NaN NaN NaN 0.948519 0.948519 0.948519 0.948519 0.939653 0.939653 0.939653 0.919343 0.919343 0.919343 0.919343 0.919343 0.919343 0.919343 0.919343 0.919343 0.919343 0.919343 0.915227 0.915227 0.915227 0.915227 0.915227 0.915227 0.842177 0.842177 0.842177 0.875436 0.875436 0.875436 0.875436 0.875436 0.875436 0.875436 0.875436 0.875436 0.875436 0.875436 0.875436 0.880922 0.880922 0.880922 0.880922 0.880922 0.880922 0.880922 0.880922
NaN NaN NaN NaN NaN NaN NaN NaN NaN NaN NaN 0.948519 0.948519 0.948519 0.948519 0.948519 0.948519 0.948519 0.948519 0.948519 0.948519 NaN NaN 0.948519 0.948519 0.948519 0.948519 0.948519 0.948519 0.948519 0.948519 0.939653 0.939653 0.939653 0.919343 0.919343 0.919343 0.919343 0.919343 0.919343 0.919343 0.919343 0.919343 0.915227 0.915227 0.915227 0.915227 0.915227 0.915227 0.915227 0.915227 0.915227 0.915227 0.875436 0.875436 0.875436 0.875436 0.875436 0.875436 0.875436 0.875436 0.875436 0.875436 0.875436 0.875436 0.880922 0.880922 0.880922 0.880922 0.880922 0.880922 0.880922 0.880922
NaN NaN NaN NaN NaN NaN NaN NaN NaN 0.948519 0.948519 NaN 0.948519 NaN NaN NaN NaN NaN NaN NaN NaN NaN NaN 0.948519 0.948519 0.948519 0.948519 0.948519 0.948519 0.948519 0.948519 0.939653 0.939653 0.939653 0.939653 0.939653 0.939653 0.939653 0.939653 0.939653 0.919343 0.919343 0.919343 0.915227 0.915227 0.915227 0.915227 0.915227 0.915227 0.915227 0.915227 0.915227 0.915227 0.915227 0.875436 0.875436 0.875436 0.875436 0.875436 0.875436 0.875436 0.875436 0.875436 0.875436 0.875436 0.880922 0.880922 0.880922 0.880922 0.880922 0.880922 0.880922 0.880922
NaN NaN NaN NaN NaN NaN NaN NaN NaN NaN NaN NaN NaN NaN NaN NaN NaN NaN NaN NaN 0.948519 0.948519 0.948519 0.948519 0.948519 0.948519 0.948519 0.948519 0.948519 0.948519 0.948519 0.939653 0.939653 0.939653 0.939653 0.939653 0.939653 0.939653 0.939653 0.939653 0.939653 0.919343 0.919343 0.915227 0.915227 0.915227 0.915227 0.915227 0.915227 0.915227 0.915227 0.915227 0.915227 0.915227 0.875436 0.875436 0.875436 0.875436 0.875436 0.875436 0.875436 0.875436 0.875436 0.875436 0.875436 0.880922 0.880922 0.880922 0.880922 0.880922 0.880922 0.880922 0.880922
NaN NaN NaN NaN NaN NaN NaN NaN NaN NaN NaN NaN NaN NaN NaN NaN 0.955860 0.955860 0.948519 0.948519 0.948519 0.948519 0.948519 0.948519 0.948519 0.948519 0.948519 0.948519 0.948519 0.948519 0.948519 0.948519 0.939653 0.939653 0.939653 0.939653 0.939653 0.939653 0.939653 0.939653 0.939653 0.939653 0.915227 0.915227 0.915227 0.915227 0.915227 0.915227 0.915227 0.915227 0.915227 0.915227 0.915227 0.918877 0.918877 0.918877 0.875436 0.875436 0.875436 0.875436 0.875436 0.875436 0.875436 0.875436 0.875436 0.880922 0.880922 0.880922 0.880922 0.880922 0.880922 0.880922 0.880922
NaN NaN NaN NaN NaN NaN NaN NaN NaN NaN NaN NaN 0.955860 0.955860 NaN NaN 0.955860 0.955860 0.948519 0.948519 0.948519 0.948519 0.948519 0.948519 0.948519 0.948519 0.948519 0.948519 0.948519 0.948519 0.948519 0.948519 0.948519 0.948519 0.939653 0.939653 0.939653 0.939653 0.939653 0.939653 0.939653 0.939653 0.915227 0.915227 0.915227 0.915227 0.915227 0.915227 0.915227 0.915227 0.915227 0.918877 0.918877 0.918877 0.918877 0.918877 0.918877 0.918877 0.875436 0.875436 0.875436 0.875436 0.875436 0.885101 0.885101 0.885101 0.880922 0.880922 0.880922 0.880922 0.880922 0.880922 0.880922
NaN NaN NaN NaN NaN NaN NaN NaN NaN NaN NaN 0.955860 0.955860 0.955860 0.955860 0.955860 0.955860 0.955860 0.948519 0.948519 0.948519 0.948519 0.948519 0.948519 0.948519 0.948519 0.948519 0.948519 0.948519 0.948519 0.948519 0.948519 0.948519 0.948519 0.939653 0.939653 0.939653 0.939653 0.939653 0.939653 0.939653 0.939653 0.939653 0.915227 0.915227 0.915227 0.915227 0.915227 0.915227 0.915227 0.915227 0.918877 0.918877 0.918877 0.918877 0.918877 0.918877 0.918877 0.918877 0.918877 0.918877 0.875436 0.875436 0.885101 0.885101 0.885101 0.885101 0.880922 0.880922 0.880922 0.880922 0.880922 0.880922
NaN NaN NaN NaN NaN NaN NaN NaN NaN NaN NaN NaN 0.955860 0.955860 0.955860 0.955860 0.955860 0.955860 0.955860 0.948519 0.948519 0.948519 0.948519 0.948519 0.948519 0.948519 0.948519 0.948519 0.948519 0.948519 0.948519 0.948519 0.948519 0.948519 0.939653 0.939653 0.939653 0.939653 0.939653 0.939653 0.939653 0.939653 0.939653 0.915227 0.915227 0.915227 0.915227 0.915227 0.915227 0.915227 0.915227 0.915227 0.918877 0.918877 0.918877 0.918877 0.918877 0.918877 0.918877 0.918877 0.864828 0.864828 0.864828 0.864828 0.885101 0.885101 0.885101 0.885101 0.880922 0.880922 0.880922 0.880922 0.880922
NaN NaN NaN NaN NaN NaN NaN NaN NaN NaN NaN NaN NaN NaN NaN 0.955860 0.955860 0.955860 0.955860 0.948519 0.948519 0.948519 0.948519 0.948519 0.948519 0.948519 0.948519 0.948519 0.948519 0.948519 0.948519 0.948519 0.948519 0.939653 0.939653 0.939653 0.939653 0.939653 0.939653 0.939653 0.829396 0.829396 0.829396 0.915227 0.915227 0.829396 0.829396 0.829396 0.829396 0.829396 0.915227 0.918877 0.918877 0.918877 0.918877 0.918877 0.918877 0.918877 0.864828 0.864828 0.864828 0.864828 0.864828 0.864828 0.885101 0.885101 0.885101 0.885101 0.885101 0.880922 0.880922 0.880922 0.880922
NaN NaN NaN NaN NaN NaN NaN NaN NaN NaN NaN NaN NaN NaN NaN NaN 0.955860 0.955860 0.955860 0.955860 0.948519 0.948519 0.948519 0.948519 0.948519 0.948519 0.948519 0.948519 0.948519 0.948519 0.948519 0.948519 0.948519 0.939653 0.939653 0.939653 0.939653 0.829396 0.829396 0.829396 0.829396 0.829396 0.829396 0.829396 0.829396 0.829396 0.829396 0.829396 0.915227 0.915227 0.918877 0.985210 0.918877 0.918877 0.918877 0.918877 0.918877 0.864828 0.864828 0.864828 0.864828 0.864828 0.864828 0.864828 0.885101 0.885101 0.885101 0.885101 0.885101 0.885101 0.880922 0.880922 0.880922
NaN NaN NaN NaN NaN NaN NaN NaN NaN NaN NaN NaN NaN NaN NaN NaN NaN 0.955860 0.955860 0.955860 0.955860 0.948519 0.948519 0.948519 0.948519 0.948519 0.948519 0.948519 0.948519 0.948519 0.948519 0.948519 0.948519 0.939653 0.939653 0.939653 0.939653 0.829396 0.829396 0.829396 0.829396 0.829396 0.965908 0.829396 0.829396 0.829396 0.829396 0.829396 0.915227 0.918877 0.985210 0.985210 0.985210 0.985210 0.985210 0.918877 0.864828 0.864828 0.864828 0.864828 0.864828 0.864828 0.864828 0.864828 0.885101 0.885101 0.885101 0.885101 0.885101 0.885101 0.885101 0.885101 0.885101
NaN NaN NaN NaN NaN NaN NaN NaN NaN NaN NaN NaN NaN NaN NaN NaN NaN NaN 0.955860 0.955860 0.955860 0.948519 0.948519 0.948519 0.948519 0.948519 0.948519 0.948519 0.948519 0.948519 0.948519 0.948519 0.948519 0.948519 0.939653 0.965908 0.965908 0.965908 0.965908 0.965908 0.965908 0.965908 0.965908 0.965908 0.829396 0.829396 0.829396 0.918877 0.918877 0.985210 0.985210 0.985210 0.985210 0.985210 0.985210 0.985210 0.864828 0.864828 0.864828 0.864828 0.864828 0.864828 0.864828 0.885101 0.885101 0.885101 0.885101 0.885101 0.885101 0.885101 0.885101 0.885101 0.885101
NaN NaN NaN NaN NaN NaN NaN NaN NaN NaN NaN NaN NaN NaN NaN NaN NaN NaN 0.955860 0.955860 0.955860 0.924617 0.948519 0.948519 0.948519 0.948519 0.948519 0.948519 0.948519 0.948519 0.948519 0.948519 0.948519 0.948519 0.965908 0.965908 0.965908 0.965908 0.965908 0.965908 0.965908 0.965908 0.965908 0.965908 0.965193 NaN NaN 0.985210 0.985210 0.985210 0.985210 0.985210 0.985210 0.985210 0.985210 0.985210 0.964144 0.964144 0.864828 0.864828 0.864828 0.864828 0.864828 0.885101 0.885101 0.885101 0.885101 0.885101 0.885101 0.885101 0.885101 0.885101 0.885101
NaN NaN NaN NaN NaN NaN NaN NaN NaN NaN NaN NaN NaN NaN NaN NaN NaN NaN 0.955860 0.955860 0.924617 0.924617 0.924617 0.924617 0.948519 0.948519 0.948519 0.948519 0.948519 0.948519 0.948519 0.948519 0.948519 0.948519 0.965908 0.965908 0.965908 0.965908 0.965908 0.965908 0.965908 0.965193 0.965193 0.965193 0.965193 NaN NaN NaN NaN NaN 0.985210 0.985210 0.985210 0.985210 0.964144 0.964144 0.964144 0.964144 0.964144 0.964144 0.864828 0.921779 0.921779 0.921779 0.921779 0.885101 0.885101 0.885101 0.885101 0.885101 0.885101 0.885101 0.885101
NaN NaN NaN NaN NaN NaN NaN NaN NaN NaN NaN NaN NaN NaN NaN NaN NaN 0.955860 0.955860 0.924617 0.924617 0.924617 0.924617 0.924617 0.924617 0.948519 0.948519 0.948519 0.924617 0.924617 0.948519 0.948519 0.948519 0.948519 0.948519 0.965908 0.965908 NaN NaN 0.965908 0.965908 0.965193 0.965193 0.965193 0.965193 NaN NaN NaN NaN NaN 0.985210 0.985210 0.964144 0.964144 0.964144 0.964144 0.964144 0.964144 0.964144 0.964144 0.921779 0.921779 0.921779 0.921779 0.921779 0.921779 0.921779 0.885101 0.885101 0.852619 0.852619 0.852619 0.852619
NaN NaN NaN NaN 0.997224 NaN NaN NaN NaN NaN NaN NaN NaN NaN NaN NaN NaN 0.924617 0.924617 0.924617 0.924617 0.924617 0.924617 0.924617 0.924617 0.924617 0.948519 0.924617 0.924617 0.924617 0.924617 0.948519 0.948519 0.948519 0.965908 0.965908 NaN NaN NaN NaN 0.965193 0.965193 0.965193 0.965193 0.965193 0.965193 0.965193 NaN NaN NaN NaN 0.985210 0.985210 0.964144 0.964144 0.964144 0.964144 0.964144 0.964144 0.964144 0.964144 0.921779 0.921779 0.921779 0.921779 0.921779 0.921779 0.921779 0.921779 0.852619 0.852619 0.852619 0.852619
NaN NaN 0.997224 0.997224 0.997224 0.997224 0.997224 0.997224 0.997224 0.894287 0.894287 0.894287 0.894287 0.894287 0.894287 0.894287 0.894287 0.924617 0.924617 0.924617 0.924617 0.924617 0.924617 0.924617 0.924617 0.924617 0.924617 NaN NaN NaN NaN 0.924617 0.924617 NaN NaN NaN NaN NaN NaN NaN NaN 0.965193 0.965193 0.965193 0.965193 0.965193 0.965193 0.965193 NaN NaN NaN NaN NaN 0.985210 0.985210 0.985210 0.964144 0.964144 0.964144 0.964144 0.964144 0.921779 0.921779 0.921779 0.921779 0.921779 0.921779 0.921779 0.921779 0.852619 0.852619 0.852619 0.852619
NaN NaN 0.997224 0.997224 0.997224 0.997224 0.997224 0.997224 0.894287 0.894287 0.894287 0.894287 0.894287 0.894287 0.894287 0.894287 0.894287 0.924617 0.924617 0.924617 0.924617 0.924617 0.924617 0.924617 0.924617 0.924617 NaN NaN NaN NaN NaN NaN NaN NaN NaN NaN NaN NaN NaN NaN NaN NaN 0.965193 0.965193 0.965193 0.965193 0.965193 0.965193 NaN NaN NaN NaN NaN NaN NaN 0.985210 0.985210 0.964144 0.964144 0.964144 0.964144 0.986583 0.921779 0.921779 0.921779 0.921779 0.921779 0.921779 0.921779 0.852619 0.852619 0.852619 0.852619
NaN NaN 0.997224 0.997224 0.997224 0.997224 0.997224 0.997224 0.894287 0.894287 0.894287 0.894287 0.894287 0.894287 0.894287 0.894287 0.894287 0.924617 0.924617 0.924617 0.924617 0.924617 0.924617 0.924617 0.924617 0.924617 NaN NaN NaN NaN NaN NaN NaN NaN NaN NaN NaN NaN NaN NaN NaN NaN NaN 0.965193 0.965193 0.965193 0.965193 0.965193 0.965193 NaN NaN NaN NaN NaN NaN NaN NaN NaN 0.964144 0.964144 0.986583 0.986583 0.986583 0.921779 0.921779 0.921779 0.921779 0.921779 0.921779 0.852619 0.852619 0.852619 0.852619
NaN NaN 0.997224 0.997224 0.997224 0.997224 0.997224 0.997224 0.894287 0.894287 0.894287 0.894287 0.894287 0.894287 0.894287 0.894287 0.924617 0.924617 0.924617 0.924617 0.924617 0.924617 0.924617 0.924617 0.924617 0.924617 NaN NaN NaN NaN NaN NaN NaN NaN NaN NaN NaN NaN NaN NaN NaN NaN NaN NaN 0.965193 0.965193 0.965193 0.965193 0.965193 0.965193 0.965193 0.965193 NaN NaN NaN NaN NaN NaN NaN 0.986583 0.986583 0.986583 0.986583 0.986583 0.921779 0.921779 0.921779 0.921779 0.921779 0.921779 0.852619 0.852619 0.852619
NaN NaN 0.997224 0.997224 0.997224 0.997224 0.904266 0.894287 0.894287 0.894287 0.894287 0.894287 0.894287 0.894287 0.924617 0.924617 0.924617 0.924617 0.924617 0.924617 0.924617 0.924617 0.924617 0.924617 NaN NaN NaN NaN NaN NaN NaN NaN NaN NaN NaN NaN NaN NaN NaN NaN NaN NaN NaN NaN NaN NaN 0.965193 0.965193 0.965193 0.965193 0.965193 0.965193 0.965193 NaN NaN NaN NaN NaN NaN 0.986583 0.986583 0.986583 0.986583 0.986583 0.921779 0.921779 0.921779 0.921779 0.921779 0.921779 0.921779 0.852619 0.951058
NaN NaN 0.997224 0.997224 0.904266 0.904266 0.904266 0.904266 0.894287 0.894287 0.894287 0.894287 0.894287 0.894287 0.924617 0.924617 0.924617 0.924617 0.924617 0.924617 0.924617 0.924617 NaN NaN NaN NaN NaN NaN NaN NaN NaN NaN NaN NaN NaN NaN NaN NaN NaN NaN NaN NaN NaN NaN NaN NaN NaN NaN 0.965193 0.965193 0.965193 0.965193 0.965193 0.965193 0.965193 0.965193 NaN NaN NaN 0.986583 0.986583 0.986583 0.986583 0.986583 0.942072 0.942072 0.942072 0.942072 NaN 0.921779 NaN NaN 0.951058
