data/euroclim_0.0_0.5x0.5_region_-5000.asc
ncols	104
nrows	52
xllcorner	-9.750000
yllcorner	31.250000
cellsize	0.500000
NODATA_value	NaN
[rows 0 to 37 of 52, columns 0 to 84 of 104]
-9999 -9999 -9999 -9999 -9999 -9999 -9999 -9999 91 91 91 91 91 91 91 -9999 -9999 -9999 -9999 -9999 -9999 -9999 -9999 -9999 -9999 -9999 -9999 -9999 -9999 -9999 -9999 -9999 -9999 -9999 -9999 -9999 122 122 122 92 92 -9999 -9999 -9999 -9999 92 92 92 92 92 92 92 92 92 -9999 -9999 -9999 -9999 -9999 -9999 -9999 -9999 96 96 96 96 96 96 96 96 96 96 96 96 96 96 96 84 84 84 84 84 84 84 84
-9999 -9999 -9999 -9999 -9999 -9999 -9999 -9999 91 91 91 91 91 91 -9999 -9999 -9999 -9999 -9999 -9999 -9999 -9999 -9999 -9999 -9999 -9999 -9999 -9999 -9999 -9999 -9999 -9999 -9999 -9999 -9999 -9999 122 122 122 122 92 92 -9999 -9999 -9999 92 92 92 92 92 92 92 -9999 -9999 -9999 -9999 -9999 -9999 -9999 -9999 -9999 -9999 96 96 96 96 96 96 96 96 96 96 96 96 96 96 96 96 84 84 84 84 84 84 84
-9999 -9999 -9999 -9999 -9999 -9999 -9999 -9999 91 91 91 91 91 91 91 108 -9999 -9999 -9999 -9999 -9999 -9999 -9999 -9999 -9999 -9999 -9999 -9999 -9999 -9999 -9999 -9999 -9999 -9999 -9999 -9999 122 122 122 122 -9999 -9999 92 92 92 92 92 92 92 -9999 -9999 -9999 -9999 -9999 -9999 -9999 -9999 -9999 -9999 -9999 -9999 -9999 109 96 96 96 96 96 96 96 96 96 96 96 96 96 96 96 110 110 110 110 110 110 84
-9999 -9999 -9999 -9999 -9999 120 120 120 -9999 -9999 91 91 91 108 108 108 108 -9999 -9999 -9999 -9999 -9999 -9999 -9999 -9999 -9999 -9999 -9999 -9999 -9999 -9999 -9999 -9999 -9999 -9999 -9999 -9999 122 122 122 122 122 92 92 92 -9999 -9999 -9999 -9999 -9999 -9999 -9999 -9999 -9999 -9999 -9999 -9999 -9999 -9999 -9999 -9999 -9999 109 109 109 96 96 96 96 96 96 96 96 96 96 96 96 110 110 110 110 110 110 110 110
-9999 -9999 -9999 120 120 120 120 120 120 -9999 91 91 -9999 108 108 108 108 108 -9999 -9999 -9999 -9999 -9999 -9999 -9999 -9999 -9999 -9999 -9999 -9999 -9999 -9999 -9999 -9999 -9999 -9999 -9999 122 122 122 -9999 -9999 122 92 -9999 -9999 -9999 -9999 -9999 -9999 -9999 -9999 -9999 -9999 116 116 116 -9999 -9999 -9999 109 109 109 109 109 109 109 109 109 109 109 109 109 109 109 109 109 110 110 110 110 110 110 110 110
120 120 120 120 120 120 120 120 120 -9999 -9999 -9999 -9999 108 108 108 108 108 108 -9999 -9999 -9999 -9999 -9999 -9999 -9999 -9999 -9999 -9999 -9999 -9999 -9999 -9999 -9999 -9999 -9999 -9999 -9999 122 122 122 122 -9999 -9999 123 123 123 -9999 -9999 -9999 -9999 123 123 116 116 116 116 116 116 116 116 142 109 109 109 109 109 109 109 109 109 109 109 109 109 109 109 110 110 110 110 110 110 110 110
120 120 120 120 120 120 120 120 -9999 -9999 -9999 -9999 -9999 -9999 108 108 108 108 108 108 -9999 -9999 -9999 -9999 -9999 -9999 -9999 -9999 -9999 -9999 -9999 -9999 -9999 -9999 -9999 122 -9999 122 122 122 122 122 122 122 123 123 123 123 123 123 123 123 123 116 116 116 116 116 116 116 116 142 142 109 109 109 109 109 109 109 109 109 109 109 109 109 109 109 110 110 110 110 110 110 110
120 120 120 120 120 120 120 120 -9999 -9999 -9999 158 158 158 108 108 108 108 108 108 108 -9999 -9999 -9999 -9999 -9999 -9999 -9999 -9999 -9999 -9999 122 122 122 122 122 122 122 122 122 122 122 122 122 123 123 123 123 123 123 123 123 123 116 116 116 116 116 116 116 116 142 142 142 109 109 109 109 109 109 109 109 109 109 109 109 109 109 110 110 110 110 110 110 110
-9999 120 120 120 120 120 120 120 -9999 -9999 -9999 -9999 158 158 158 108 108 108 108 108 108 108 108 -9999 -9999 -9999 -9999 -9999 -9999 158 -9999 122 122 122 122 122 122 122 122 122 122 122 122 122 122 123 123 123 123 123 123 123 123 116 116 116 116 116 116 116 142 142 142 142 142 109 109 109 109 109 147 147 147 147 147 147 147 147 147 147 110 110 110 110 110
120 120 120 120 120 120 120 -9999 -9999 -9999 -9999 158 158 158 158 158 108 108 108 108 158 158 158 -9999 -9999 -9999 -9999 -9999 -9999 158 156 122 122 122 122 122 122 122 122 122 122 122 122 122 122 123 123 123 123 123 123 123 123 123 116 116 116 116 116 142 142 142 142 142 142 142 109 109 147 147 147 147 147 147 147 147 147 147 147 147 147 147 147 147 147
120 120 120 120 -9999 -9999 -9999 -9999 -9999 -9999 158 158 158 158 158 158 108 108 108 158 158 158 -9999 -9999 -9999 -9999 -9999 -9999 158 158 156 156 122 122 122 122 122 122 122 122 122 122 122 122 122 146 146 146 123 123 123 123 123 123 142 142 142 142 142 142 142 142 142 142 142 147 147 147 147 147 147 147 147 147 147 147 147 147 147 147 147 147 147 147 147
-9999 -9999 -9999 -9999 -9999 -9999 -9999 -9999 -9999 -9999 -9999 -9999 158 158 158 158 158 158 158 158 158 158 158 -9999 -9999 -9999 158 158 158 158 156 156 156 122 122 122 122 122 122 122 122 122 122 122 146 146 146 146 146 146 123 123 123 142 142 142 142 142 142 142 142 142 142 142 142 147 147 147 147 147 147 147 147 147 147 147 147 147 147 147 147 147 147 147 147
-9999 -9999 -9999 -9999 -9999 -9999 -9999 -9999 -9999 -9999 -9999 158 158 158 158 158 158 158 158 158 158 -9999 -9999 158 158 158 158 158 158 158 158 156 156 156 122 122 122 122 122 122 122 122 122 146 146 146 146 146 146 146 146 146 146 142 142 142 142 142 142 142 142 142 142 142 142 147 147 147 147 147 147 147 147 147 147 147 147 147 147 147 147 147 147 147 147
-9999 -9999 -9999 -9999 -9999 -9999 -9999 -9999 -9999 158 158 -9999 158 -9999 -9999 -9999 -9999 -9999 -9999 -9999 -9999 -9999 -9999 158 158 158 158 158 158 158 158 156 156 156 156 156 156 156 156 156 122 122 122 146 146 146 146 146 146 146 146 146 146 146 142 142 142 142 142 142 142 142 142 142 142 147 147 147 147 147 147 147 147 147 147 147 147 147 147 147 147 147 147 147 147
-9999 -9999 -9999 -9999 -9999 -9999 -9999 -9999 -9999 -9999 -9999 -9999 -9999 -9999 -9999 -9999 -9999 -9999 -9999 -9999 158 158 158 158 158 158 158 158 158 158 158 156 156 156 156 156 156 156 156 156 156 122 122 146 146 146 146 146 146 146 146 146 146 146 142 142 142 142 142 142 142 142 142 142 142 147 147 147 147 147 147 147 147 147 147 147 147 147 147 147 147 147 147 147 147
-9999 -9999 -9999 -9999 -9999 -9999 -9999 -9999 -9999 -9999 -9999 -9999 -9999 -9999 -9999 -9999 169 169 158 158 158 158 158 158 158 158 158 158 158 158 158 158 156 156 156 156 156 156 156 156 156 156 146 146 146 146 146 146 146 146 146 146 146 170 170 170 142 142 142 142 142 142 142 142 142 147 147 147 147 147 147 147 147 147 147 147 147 147 147 147 147 147 147 147 163
-9999 -9999 -9999 -9999 -9999 -9999 -9999 -9999 -9999 -9999 -9999 -9999 169 169 -9999 -9999 169 169 158 158 158 158 158 158 158 158 158 158 158 158 158 158 158 158 156 156 156 156 156 156 156 156 146 146 146 146 146 146 146 146 146 170 170 170 170 170 170 170 142 142 142 142 142 183 183 183 147 147 147 147 147 147 147 147 147 147 147 147 147 147 147 147 147 163 163
-9999 -9999 -9999 -9999 -9999 -9999 -9999 -9999 -9999 -9999 -9999 169 169 169 169 169 169 169 158 158 158 158 158 158 158 158 158 158 158 158 158 158 158 158 156 156 156 156 156 156 156 156 156 146 146 146 146 146 146 146 146 170 170 170 170 170 170 170 170 170 170 142 142 183 183 183 183 147 147 147 147 147 147 147 147 147 147 147 147 147 147 147 163 163 163
-9999 -9999 -9999 -9999 -9999 -9999 -9999 -9999 -9999 -9999 -9999 -9999 169 169 169 169 169 169 169 158 158 158 158 158 158 158 158 158 158 158 158 158 158 158 156 156 156 156 156 156 156 156 156 146 146 146 146 146 146 146 146 146 170 170 170 170 170 170 170 170 178 178 178 178 183 183 183 183 147 147 147 147 147 147 147 147 184 184 184 184 147 147 163 163 163
-9999 -9999 -9999 -9999 -9999 -9999 -9999 -9999 -9999 -9999 -9999 -9999 -9999 -9999 -9999 169 169 169 169 158 158 158 158 158 158 158 158 158 158 158 158 158 158 156 156 156 156 156 156 156 177 177 177 146 146 177 177 177 177 177 146 170 170 170 170 170 170 170 178 178 178 178 178 178 183 183 183 183 183 147 147 147 147 147 184 184 184 184 184 184 184 184 163 163 163
-9999 -9999 -9999 -9999 -9999 -9999 -9999 -9999 -9999 -9999 -9999 -9999 -9999 -9999 -9999 -9999 169 169 169 169 158 158 158 158 158 158 158 158 158 158 158 158 158 156 156 156 156 177 177 177 177 177 177 177 177 177 177 177 146 146 170 198 170 170 170 170 170 178 178 178 178 178 178 178 183 183 183 183 183 183 147 147 147 184 184 184 184 184 184 184 184 184 163 163 163
-9999 -9999 -9999 -9999 -9999 -9999 -9999 -9999 -9999 -9999 -9999 -9999 -9999 -9999 -9999 -9999 -9999 169 169 169 169 158 158 158 158 158 158 158 158 158 158 158 158 156 156 156 156 177 177 177 177 177 202 177 177 177 177 177 146 170 198 198 198 198 198 170 178 178 178 178 178 178 178 178 183 183 183 183 183 183 183 183 183 184 184 184 184 184 184 184 184 -9999 -9999 -9999 163
-9999 -9999 -9999 -9999 -9999 -9999 -9999 -9999 -9999 -9999 -9999 -9999 -9999 -9999 -9999 -9999 -9999 -9999 169 169 169 158 158 158 158 158 158 158 158 158 158 158 158 158 156 202 202 202 202 202 202 202 202 202 177 177 177 170 170 198 198 198 198 198 198 198 178 178 178 178 178 178 178 183 183 183 183 183 183 183 183 183 183 183 184 184 184 184 184 184 -9999 -9999 -9999 -9999 -9999
-9999 -9999 -9999 -9999 -9999 -9999 -9999 -9999 -9999 -9999 -9999 -9999 -9999 -9999 -9999 -9999 -9999 -9999 169 169 169 209 158 158 158 158 158 158 158 158 158 158 158 158 202 202 202 202 202 202 202 202 202 202 215 -9999 -9999 198 198 198 198 198 198 198 198 198 210 210 178 178 178 178 178 183 183 183 183 183 183 183 183 183 183 183 184 184 184 184 184 184 -9999 -9999 -9999 -9999 -9999
-9999 -9999 -9999 -9999 -9999 -9999 -9999 -9999 -9999 -9999 -9999 -9999 -9999 -9999 -9999 -9999 -9999 -9999 169 169 209 209 209 209 158 158 158 158 158 158 158 158 158 158 202 202 202 202 202 202 202 215 215 215 215 -9999 -9999 -9999 -9999 -9999 198 198 198 198 210 210 210 210 210 210 178 216 216 216 216 183 183 183 183 183 183 183 183 183 184 184 184 184 -9999 -9999 -9999 -9999 -9999 -9999 -9999
-9999 -9999 -9999 -9999 -9999 -9999 -9999 -9999 -9999 -9999 -9999 -9999 -9999 -9999 -9999 -9999 -9999 169 169 209 209 209 209 209 209 158 158 158 209 209 158 158 158 158 158 202 202 -9999 -9999 202 202 215 215 215 215 -9999 -9999 -9999 -9999 -9999 198 198 210 210 210 210 210 210 210 210 216 216 216 216 216 216 216 183 183 211 211 211 211 211 211 184 184 -9999 -9999 -9999 -9999 -9999 -9999 -9999 -9999
-9999 -9999 -9999 -9999 219 -9999 -9999 -9999 -9999 -9999 -9999 -9999 -9999 -9999 -9999 -9999 -9999 209 209 209 209 209 209 209 209 209 158 209 209 209 209 158 158 158 202 202 -9999 -9999 -9999 -9999 215 215 215 215 215 215 215 -9999 -9999 -9999 -9999 198 198 210 210 210 210 210 210 210 210 216 216 216 216 216 216 216 216 211 211 211 211 211 211 211 184 -9999 -9999 -9999 -9999 -9999 -9999 -9999 -9999
-9999 -9999 219 219 219 219 219 219 219 228 228 228 228 228 228 228 228 209 209 209 209 209 209 209 209 209 209 -9999 -9999 -9999 -9999 209 209 -9999 -9999 -9999 -9999 -9999 -9999 -9999 -9999 215 215 215 215 215 215 215 -9999 -9999 -9999 -9999 -9999 198 198 198 210 210 210 210 210 216 216 216 216 216 216 216 216 211 211 211 211 211 211 211 -9999 -9999 -9999 -9999 -9999 -9999 -9999 -9999 -9999
-9999 -9999 219 219 219 219 219 219 228 228 228 228 228 228 228 228 228 209 209 209 209 209 209 209 209 209 -9999 -9999 -9999 -9999 -9999 -9999 -9999 -9999 -9999 -9999 -9999 -9999 -9999 -9999 -9999 -9999 215 215 215 215 215 215 -9999 -9999 -9999 -9999 -9999 -9999 -9999 198 198 210 210 210 210 235 216 216 216 216 216 216 216 211 211 211 211 211 211 211 -9999 -9999 -9999 -9999 -9999 -9999 -9999 -9999 -9999
-9999 -9999 219 219 219 219 219 219 228 228 228 228 228 228 228 228 228 209 209 209 209 209 209 209 209 209 -9999 -9999 -9999 -9999 -9999 -9999 -9999 -9999 -9999 -9999 -9999 -9999 -9999 -9999 -9999 -9999 -9999 215 215 215 215 215 215 -9999 -9999 -9999 -9999 -9999 -9999 -9999 -9999 -9999 210 210 235 235 235 216 216 216 216 216 216 211 211 211 211 211 211 211 -9999 -9999 -9999 -9999 -9999 -9999 -9999 -9999 -9999
-9999 -9999 219 219 219 219 219 219 228 228 228 228 228 228 228 228 209 209 209 209 209 209 209 209 209 209 -9999 -9999 -9999 -9999 -9999 -9999 -9999 -9999 -9999 -9999 -9999 -9999 -9999 -9999 -9999 -9999 -9999 -9999 215 215 215 215 215 215 215 215 -9999 -9999 -9999 -9999 -9999 -9999 -9999 235 235 235 235 235 216 216 216 216 216 216 211 211 211 211 211 211 -9999 -9999 -9999 -9999 -9999 -9999 -9999 -9999 -9999
-9999 -9999 219 219 219 219 250 228 228 228 228 228 228 228 209 209 209 209 209 209 209 209 209 209 -9999 -9999 -9999 -9999 -9999 -9999 -9999 -9999 -9999 -9999 -9999 -9999 -9999 -9999 -9999 -9999 -9999 -9999 -9999 -9999 -9999 -9999 215 215 215 215 215 215 215 -9999 -9999 -9999 -9999 -9999 -9999 235 235 235 235 235 216 216 216 216 216 216 216 211 253 253 211 211 242 242 242 -9999 -9999 -9999 -9999 242 242
-9999 -9999 219 219 250 250 250 250 228 228 228 228 228 228 209 209 209 209 209 209 209 209 -9999 -9999 -9999 -9999 -9999 -9999 -9999 -9999 -9999 -9999 -9999 -9999 -9999 -9999 -9999 -9999 -9999 -9999 -9999 -9999 -9999 -9999 -9999 -9999 -9999 -9999 215 215 215 215 215 215 215 215 -9999 -9999 -9999 235 235 235 235 235 252 252 252 252 -9999 216 -9999 -9999 253 253 253 -9999 -9999 -9999 242 242 242 242 242 242 242
-9999 -9999 219 250 250 250 250 250 250 250 251 251 251 251 209 209 209 209 209 209 209 -9999 -9999 -9999 -9999 -9999 -9999 -9999 -9999 -9999 -9999 -9999 -9999 -9999 -9999 -9999 -9999 -9999 -9999 -9999 -9999 -9999 -9999 -9999 -9999 -9999 -9999 -9999 -9999 -9999 215 215 215 215 -9999 215 215 -9999 -9999 235 235 235 235 235 235 -9999 252 252 -9999 -9999 -9999 -9999 -9999 253 253 253 253 242 242 242 242 242 242 242 242
-9999 -9999 250 250 250 250 250 250 250 250 251 251 251 251 251 251 251 209 209 209 -9999 -9999 -9999 -9999 -9999 -9999 -9999 -9999 -9999 -9999 -9999 -9999 -9999 -9999 -9999 -9999 -9999 -9999 -9999 -9999 -9999 -9999 -9999 -9999 -9999 -9999 -9999 -9999 -9999 -9999 -9999 215 215 -9999 -9999 -9999 -9999 -9999 -9999 -9999 235 235 235 235 252 252 -9999 -9999 -9999 -9999 -9999 -9999 253 253 253 253 253 242 242 242 242 242 242 242 242
-9999 250 250 250 250 250 250 250 250 250 251 251 251 251 251 251 251 251 209 209 -9999 -9999 -9999 -9999 -9999 -9999 -9999 -9999 -9999 -9999 -9999 -9999 -9999 -9999 -9999 -9999 -9999 -9999 -9999 -9999 -9999 -9999 -9999 -9999 -9999 -9999 -9999 -9999 -9999 -9999 -9999 -9999 215 215 -9999 -9999 -9999 -9999 -9999 -9999 -9999 235 235 252 252 252 -9999 -9999 -9999 -9999 -9999 -9999 253 253 253 253 253 253 242 242 242 242 242 242 242
-9999 250 250 250 250 250 250 250 250 250 251 251 251 251 251 251 251 251 262 262 -9999 -9999 -9999 -9999 -9999 -9999 -9999 -9999 -9999 -9999 -9999 -9999 -9999 -9999 -9999 -9999 -9999 -9999 -9999 -9999 -9999 -9999 -9999 -9999 -9999 -9999 -9999 -9999 -9999 -9999 -9999 -9999 215 -9999 -9999 -9999 -9999 -9999 -9999 -9999 -9999 -9999 252 252 252 252 252 252 -9999 -9999 -9999 -9999 -9999 -9999 253 253 253 253 242 242 242 242 255 255 242
-9999 -9999 250 250 250 250 250 250 250 250 251 251 251 251 251 251 262 262 262 -9999 -9999 -9999 -9999 -9999 -9999 -9999 -9999 -9999 -9999 -9999 -9999 -9999 -9999 -9999 -9999 -9999 -9999 -9999 -9999 -9999 -9999 -9999 -9999 -9999 -9999 -9999 -9999 -9999 -9999 -9999 215 215 215 -9999 -9999 -9999 -9999 -9999 -9999 -9999 -9999 -9999 -9999 252 252 252 252 252 252 -9999 -9999 -9999 -9999 253 253 253 253 253 253 255 255 255 255 255 242
