data/euroclim_0.0_0.5x0.5_region_-5000.asc
ncols	104
nrows	52
xllcorner	-9.750000
yllcorner	31.250000
cellsize	0.500000
NODATA_value	NaN
-9999 -9999 -9999 -9999 -9999 120 120 120 -9999 120 120 -9999 -9999 -9999 -9999 -9999 -9999 -9999 -9999 -9999 -9999 -9999 -9999 -9999 -9999 -9999 -9999 -9999 -9999 -9999 -9999 -9999 -9999 -9999 -9999 -9999 -9999 -9999 -9999 -9999 -9999 -9999 -9999 -9999 -9999 -9999 -9999 -9999 -9999 -9999 -9999 327
-9999 -9999 -9999 -9999 -9999 120 120 120 120 120 120 -9999 -9999 -9999 -9999 -9999 -9999 -9999 -9999 -9999 -9999 -9999 -9999 -9999 -9999 -9999 -9999 -9999 -9999 -9999 -9999 -9999 -9999 -9999 -9999 250 250 -9999 -9999 -9999 -9999 -9999 -9999 -9999 -9999 -9999 -9999 -9999 -9999 327 327 327
-9999 -9999 -9999 -9999 -9999 120 120 120 120 120 120 -9999 -9999 -9999 -9999 -9999 -9999 -9999 -9999 -9999 -9999 -9999 -9999 -9999 -9999 -9999 -9999 219 219 219 219 219 219 219 250 250 250 250 250 250 -9999 -9999 -9999 -9999 -9999 -9999 -9999 -9999 327 327 327 327
-9999 -9999 -9999 -9999 120 120 120 120 120 120 120 -9999 -9999 -9999 -9999 -9999 -9999 -9999 -9999 -9999 -9999 -9999 -9999 -9999 -9999 -9999 -9999 219 219 219 219 219 219 250 250 250 250 250 250 250 -9999 -9999 -9999 -9999 -9999 -9999 -9999 327 327 327 327 327
-9999 -9999 -9999 -9999 120 120 120 120 120 120 -9999 -9999 -9999 -9999 -9999 -9999 -9999 -9999 -9999 -9999 -9999 -9999 -9999 -9999 -9999 -9999 219 219 219 219 219 219 250 250 250 250 250 250 250 250 -9999 -9999 -9999 -9999 -9999 -9999 -9999 327 327 327 327 302
-9999 -9999 -9999 120 120 120 120 120 120 120 -9999 -9999 -9999 -9999 -9999 -9999 -9999 -9999 -9999 -9999 -9999 -9999 -9999 -9999 -9999 -9999 -9999 219 219 219 219 219 250 250 250 250 250 250 250 250 -9999 -9999 -9999 -9999 -9999 -9999 302 327 327 327 327 302
-9999 -9999 -9999 120 120 120 120 120 120 120 -9999 -9999 -9999 -9999 -9999 -9999 -9999 -9999 -9999 -9999 -9999 -9999 -9999 -9999 -9999 -9999 -9999 219 219 219 219 250 250 250 250 250 250 250 250 250 -9999 -9999 -9999 -9999 -9999 -9999 302 302 327 327 327 302
-9999 -9999 -9999 120 120 120 120 120 120 -9999 -9999 -9999 -9999 -9999 -9999 -9999 -9999 -9999 -9999 -9999 -9999 -9999 -9999 -9999 -9999 -9999 -9999 219 219 219 219 228 250 250 250 250 250 250 250 262 262 -9999 -9999 -9999 302 302 302 302 302 327 302 327
91 91 91 -9999 120 120 -9999 -9999 -9999 -9999 -9999 -9999 -9999 -9999 -9999 -9999 -9999 -9999 -9999 -9999 -9999 -9999 -9999 -9999 -9999 -9999 -9999 219 228 228 228 228 228 250 250 250 250 250 262 262 262 262 262 302 302 302 302 302 302 302 302 327
91 91 91 -9999 -9999 -9999 -9999 -9999 -9999 -9999 -9999 -9999 -9999 158 -9999 -9999 -9999 -9999 -9999 -9999 -9999 -9999 -9999 -9999 -9999 -9999 -9999 228 228 228 228 228 228 250 250 250 250 250 262 262 262 262 -9999 302 302 302 302 302 302 302 327 351
91 91 91 91 91 -9999 -9999 -9999 -9999 -9999 158 -9999 -9999 158 -9999 -9999 -9999 -9999 -9999 -9999 -9999 -9999 -9999 -9999 -9999 -9999 -9999 228 228 228 228 228 228 251 251 251 251 251 262 262 262 -9999 -9999 302 302 302 302 302 314 302 351 351
91 91 91 91 91 -9999 -9999 158 -9999 158 158 -9999 158 -9999 -9999 -9999 -9999 169 -9999 -9999 -9999 -9999 -9999 -9999 -9999 -9999 -9999 228 228 228 228 228 228 251 251 251 251 251 262 262 262 -9999 -9999 302 302 302 302 314 314 314 351 351
91 91 91 91 -9999 -9999 -9999 158 158 158 158 158 158 158 -9999 -9999 169 169 169 -9999 -9999 -9999 -9999 -9999 -9999 -9999 -9999 228 228 228 228 228 228 251 251 251 251 251 251 262 262 -9999 -9999 302 302 302 314 314 314 351 351 351
91 91 91 108 108 108 -9999 158 158 158 158 158 158 -9999 -9999 -9999 169 169 169 -9999 -9999 -9999 -9999 -9999 -9999 -9999 -9999 228 228 228 228 228 228 251 251 251 251 251 251 251 262 -9999 -9999 302 302 302 314 314 314 351 351 351
91 -9999 91 108 108 108 108 108 158 158 158 158 158 -9999 -9999 -9999 -9999 169 169 -9999 -9999 -9999 -9999 -9999 -9999 -9999 -9999 228 228 228 228 209 209 209 251 251 251 251 251 251 262 -9999 -9999 -9999 302 314 314 314 314 351 351 351
-9999 -9999 108 108 108 108 108 108 108 158 158 158 158 -9999 -9999 -9999 -9999 169 169 169 -9999 -9999 -9999 -9999 -9999 -9999 -9999 228 228 228 228 209 209 209 251 251 251 251 251 262 262 -9999 -9999 -9999 303 314 314 314 314 351 351 351
-9999 -9999 -9999 108 108 108 108 108 108 108 108 158 158 -9999 -9999 169 169 169 169 169 169 -9999 -9999 -9999 -9999 -9999 -9999 228 228 228 209 209 209 209 251 251 251 262 262 262 -9999 -9999 -9999 -9999 303 314 314 314 314 314 332 332
-9999 -9999 -9999 -9999 108 108 108 108 108 108 108 158 158 -9999 -9999 169 169 169 169 169 169 169 -9999 -9999 -9999 169 209 209 209 209 209 209 209 209 209 251 251 262 262 -9999 -9999 -9999 -9999 303 303 303 314 314 314 332 332 332
-9999 -9999 -9999 -9999 -9999 108 108 108 108 108 108 158 158 -9999 -9999 158 158 158 169 169 169 169 169 169 169 169 209 209 209 209 209 209 209 209 209 209 262 262 262 -9999 -9999 -9999 303 303 303 303 314 314 314 332 332 332
-9999 -9999 -9999 -9999 -9999 -9999 108 108 108 108 158 158 158 -9999 -9999 158 158 158 158 158 169 169 169 169 169 209 209 209 209 209 209 209 209 209 209 209 262 -9999 -9999 -9999 -9999 -9999 303 303 303 303 303 314 314 332 332 332
-9999 -9999 -9999 -9999 -9999 -9999 -9999 108 108 158 158 158 158 -9999 158 158 158 158 158 158 158 169 169 169 209 209 209 209 209 209 209 209 209 209 -9999 -9999 -9999 -9999 -9999 -9999 -9999 -9999 303 303 303 303 303 314 332 332 332 332
-9999 -9999 -9999 -9999 -9999 -9999 -9999 -9999 108 158 158 158 -9999 -9999 158 158 158 158 158 158 158 158 158 209 209 209 209 209 209 209 209 209 209 -9999 -9999 -9999 -9999 -9999 -9999 -9999 -9999 303 303 303 303 303 303 303 332 332 332 332
-9999 -9999 -9999 -9999 -9999 -9999 -9999 -9999 108 158 -9999 158 -9999 -9999 158 158 158 158 158 158 158 158 158 158 209 209 209 209 209 209 209 209 -9999 -9999 -9999 -9999 -9999 -9999 -9999 -9999 -9999 303 303 303 303 303 303 303 293 332 332 332
-9999 -9999 -9999 -9999 -9999 -9999 -9999 -9999 -9999 -9999 -9999 -9999 158 158 158 158 158 158 158 158 158 158 158 158 209 209 209 209 209 209 209 209 -9999 -9999 -9999 -9999 -9999 -9999 -9999 -9999 -9999 303 303 303 303 303 293 293 332 332 332 332
-9999 -9999 -9999 -9999 -9999 -9999 -9999 -9999 -9999 -9999 -9999 -9999 158 158 158 158 158 158 158 158 158 158 158 158 158 209 209 209 209 209 209 -9999 -9999 -9999 -9999 -9999 -9999 -9999 -9999 -9999 -9999 303 303 293 293 293 293 332 332 332 332 332
-9999 -9999 -9999 -9999 -9999 -9999 -9999 -9999 -9999 -9999 -9999 -9999 158 158 158 158 158 158 158 158 158 158 158 158 158 158 209 209 209 209 209 -9999 -9999 -9999 -9999 -9999 -9999 -9999 -9999 -9999 303 303 293 293 293 293 293 332 332 332 332 332
-9999 -9999 -9999 -9999 -9999 -9999 -9999 -9999 -9999 -9999 -9999 158 158 158 158 158 158 158 158 158 158 158 158 158 158 158 158 209 -9999 -9999 -9999 -9999 -9999 -9999 -9999 -9999 -9999 -9999 -9999 -9999 303 293 293 293 293 293 293 332 332 332 332 332
-9999 -9999 -9999 -9999 -9999 -9999 -9999 -9999 -9999 -9999 -9999 158 158 158 158 158 158 158 158 158 158 158 158 158 158 158 209 -9999 -9999 -9999 -9999 -9999 -9999 -9999 -9999 -9999 -9999 -9999 -9999 -9999 293 293 293 293 293 293 293 332 332 332 332 332
-9999 -9999 -9999 -9999 -9999 -9999 -9999 -9999 -9999 -9999 158 158 158 158 158 158 158 158 158 158 158 158 158 158 158 209 209 -9999 -9999 -9999 -9999 -9999 -9999 -9999 -9999 -9999 -9999 -9999 -9999 -9999 277 293 293 293 293 293 304 304 332 332 332 332
-9999 -9999 -9999 -9999 -9999 -9999 -9999 -9999 158 158 158 158 158 158 158 158 158 158 158 158 158 158 158 158 158 209 209 -9999 -9999 -9999 -9999 -9999 -9999 -9999 -9999 -9999 -9999 -9999 -9999 -9999 277 277 304 304 304 304 304 304 304 332 332 384
-9999 -9999 -9999 -9999 -9999 -9999 -9999 -9999 -9999 156 156 156 158 158 158 158 158 158 158 158 158 158 158 158 158 158 209 -9999 -9999 -9999 -9999 -9999 -9999 -9999 -9999 -9999 -9999 -9999 -9999 -9999 277 277 277 304 304 304 304 304 304 304 384 384
-9999 -9999 -9999 -9999 -9999 -9999 -9999 122 122 122 156 156 156 156 156 158 158 158 158 158 158 158 158 158 158 158 158 209 -9999 -9999 -9999 -9999 -9999 -9999 -9999 -9999 -9999 -9999 -9999 -9999 277 277 277 277 304 304 304 304 304 304 384 384
-9999 -9999 -9999 -9999 -9999 -9999 -9999 122 122 122 122 156 156 156 156 156 158 158 158 158 158 158 158 158 158 158 158 209 -9999 -9999 -9999 -9999 -9999 -9999 -9999 -9999 -9999 -9999 -9999 -9999 277 277 277 277 304 304 304 304 304 304 384 384
-9999 -9999 -9999 -9999 -9999 -9999 -9999 122 122 122 122 122 156 156 156 156 158 158 158 156 156 156 158 158 158 158 158 -9999 -9999 -9999 -9999 -9999 -9999 -9999 -9999 -9999 -9999 -9999 -9999 -9999 277 277 277 277 304 304 304 304 304 384 384 384
-9999 -9999 -9999 -9999 -9999 -9999 -9999 122 122 122 122 122 122 156 156 156 156 156 156 156 156 156 156 202 202 158 202 -9999 -9999 -9999 -9999 -9999 -9999 -9999 -9999 -9999 -9999 -9999 -9999 -9999 277 277 277 277 304 304 304 304 384 384 384 384
-9999 -9999 -9999 -9999 -9999 -9999 122 122 122 122 122 122 122 156 156 156 156 156 156 156 156 156 202 202 202 202 202 -9999 -9999 -9999 -9999 -9999 -9999 -9999 -9999 -9999 -9999 -9999 -9999 -9999 277 277 277 277 304 304 304 304 384 384 384 384
122 122 122 -9999 -9999 -9999 -9999 122 122 122 122 122 122 156 156 156 156 156 156 156 156 156 202 202 202 202 -9999 -9999 -9999 -9999 -9999 -9999 -9999 -9999 -9999 -9999 -9999 -9999 -9999 -9999 277 277 277 277 304 304 304 304 384 384 384 384
122 122 122 122 122 -9999 122 122 122 122 122 122 122 156 156 156 156 156 156 156 177 177 202 202 202 -9999 -9999 -9999 -9999 -9999 -9999 -9999 -9999 -9999 -9999 -9999 -9999 -9999 -9999 -9999 277 277 277 277 304 304 304 342 342 384 384 384
122 122 122 122 122 122 122 122 122 122 122 122 122 156 156 156 156 156 156 156 177 177 202 202 202 -9999 -9999 -9999 -9999 -9999 -9999 -9999 -9999 -9999 -9999 -9999 -9999 -9999 -9999 277 277 277 277 277 304 304 342 342 342 342 384 384
92 122 122 122 122 122 122 122 122 122 122 122 122 156 156 156 156 156 156 156 177 177 202 202 202 202 -9999 -9999 -9999 -9999 -9999 -9999 -9999 -9999 -9999 -9999 -9999 -9999 -9999 277 277 277 277 304 304 342 342 342 342 342 384 384
92 92 -9999 122 -9999 122 122 122 122 122 122 122 122 122 156 156 156 156 156 177 177 177 202 202 202 202 215 -9999 -9999 -9999 -9999 -9999 -9999 -9999 -9999 -9999 -9999 -9999 -9999 -9999 277 277 304 304 342 -9999 342 342 342 342 384 384
-9999 92 -9999 122 -9999 122 122 122 122 122 122 122 122 122 122 156 156 156 156 177 177 177 202 202 215 215 215 215 -9999 -9999 -9999 -9999 -9999 -9999 -9999 -9999 -9999 -9999 -9999 -9999 277 -9999 304 342 342 -9999 -9999 342 342 342 342 384
-9999 -9999 92 92 122 -9999 122 122 122 122 122 122 122 122 122 146 146 156 156 177 177 202 202 202 215 215 215 215 215 -9999 -9999 -9999 -9999 -9999 -9999 -9999 -9999 -9999 -9999 -9999 -9999 -9999 -9999 -9999 -9999 -9999 -9999 342 342 342 342 384
-9999 -9999 92 92 92 -9999 122 122 122 122 122 122 146 146 146 146 146 146 146 146 177 177 202 202 215 215 215 215 215 215 -9999 -9999 -9999 -9999 -9999 -9999 -9999 -9999 -9999 -9999 -9999 -9999 -9999 -9999 -9999 -9999 -9999 -9999 342 342 342 342
-9999 -9999 92 92 -9999 123 123 123 122 122 122 146 146 146 146 146 146 146 146 146 177 177 177 215 215 215 215 215 215 215 215 -9999 -9999 -9999 -9999 -9999 -9999 -9999 -9999 -9999 -9999 -9999 -9999 -9999 -9999 -9999 -9999 -9999 342 342 342 342
92 92 92 -9999 -9999 123 123 123 123 123 146 146 146 146 146 146 146 146 146 177 177 177 177 -9999 -9999 -9999 215 215 215 215 215 -9999 -9999 -9999 -9999 -9999 -9999 -9999 215 -9999 -9999 -9999 -9999 -9999 -9999 -9999 -9999 -9999 342 342 342 342
92 92 92 -9999 -9999 123 123 123 123 123 146 146 146 146 146 146 146 146 146 177 177 177 177 -9999 -9999 -9999 215 215 215 215 215 215 -9999 -9999 -9999 -9999 -9999 -9999 215 -9999 -9999 -9999 -9999 -9999 -9999 -9999 -9999 -9999 342 342 342 342
92 92 92 -9999 -9999 -9999 123 123 123 123 146 146 146 146 146 146 146 146 146 177 177 177 170 198 -9999 -9999 -9999 215 215 215 215 215 -9999 -9999 -9999 -9999 -9999 -9999 215 215 -9999 -9999 -9999 -9999 -9999 -9999 -9999 -9999 342 342 342 342
92 92 92 -9999 -9999 -9999 123 123 123 123 123 146 146 146 146 146 146 146 146 177 146 146 170 198 -9999 -9999 -9999 -9999 -9999 215 215 215 215 -9999 -9999 -9999 -9999 -9999 215 215 -9999 -9999 -9999 -9999 -9999 -9999 -9999 -9999 -9999 342 342 342
92 92 -9999 -9999 -9999 -9999 123 123 123 123 123 146 146 146 146 146 146 146 146 177 146 170 198 198 -9999 -9999 -9999 -9999 -9999 -9999 215 215 215 -9999 -9999 -9999 -9999 -9999 215 215 215 -9999 -9999 -9999 -9999 -9999 -9999 -9999 -9999 342 342 342
92 92 -9999 -9999 -9999 -9999 123 123 123 123 123 123 146 146 146 146 146 146 146 146 170 198 198 198 198 198 -9999 -9999 -9999 -9999 215 215 215 215 -9999 -9999 -9999 215 215 215 -9999 -9999 -9999 -9999 -9999 -9999 -9999 -9999 -9999 342 342 342
92 92 -9999 -9999 -9999 123 123 123 123 123 123 123 146 146 146 146 170 170 146 170 198 198 198 198 198 198 198 -9999 -9999 -9999 215 215 215 215 215 -9999 -9999 215 -9999 -9999 -9999 -9999 -9999 -9999 -9999 -9999 -9999 -9999 -9999 -9999 -9999 342
