data/euroclim_0.0_0.5x0.5_temperature_limitation_-5000.asc
ncols	104
nrows	52
xllcorner	-9.750000
yllcorner	31.250000
cellsize	0.500000
NODATA_value	NaN
[rows 0 to 32 of 52, columns 0 to 72 of 104]
NaN NaN NaN NaN NaN NaN NaN NaN 0.510959 0.510959 0.510959 0.510959 0.510959 0.510959 0.510959 NaN NaN NaN NaN NaN NaN NaN NaN NaN NaN NaN NaN NaN NaN NaN NaN NaN NaN NaN NaN NaN 0.545479 0.545479 0.545479 0.487397 0.487397 NaN NaN NaN NaN 0.487397 0.487397 0.487397 0.487397 0.487397 0.487397 0.487397 0.487397 0.487397 NaN NaN NaN NaN NaN NaN NaN NaN 0.448493 0.448493 0.448493 0.448493 0.448493 0.448493 0.448493 0.448493 0.448493 0.448493 0.448493
NaN NaN NaN NaN NaN NaN NaN NaN 0.510959 0.510959 0.510959 0.510959 0.510959 0.510959 NaN NaN NaN NaN NaN NaN NaN NaN NaN NaN NaN NaN NaN NaN NaN NaN NaN NaN NaN NaN NaN NaN 0.545479 0.545479 0.545479 0.545479 0.487397 0.487397 NaN NaN NaN 0.487397 0.487397 0.487397 0.487397 0.487397 0.487397 0.487397 NaN NaN NaN NaN NaN NaN NaN NaN NaN NaN 0.448493 0.448493 0.448493 0.448493 0.448493 0.448493 0.448493 0.448493 0.448493 0.448493 0.448493
NaN NaN NaN NaN NaN NaN NaN NaN 0.510959 0.510959 0.510959 0.510959 0.510959 0.510959 0.510959 0.586301 NaN NaN NaN NaN NaN NaN NaN NaN NaN NaN NaN NaN NaN NaN NaN NaN NaN NaN NaN NaN 0.545479 0.545479 0.545479 0.545479 NaN NaN 0.487397 0.487397 0.487397 0.487397 0.487397 0.487397 0.487397 NaN NaN NaN NaN NaN NaN NaN NaN NaN NaN NaN NaN NaN 0.492877 0.448493 0.448493 0.448493 0.448493 0.448493 0.448493 0.448493 0.448493 0.448493 0.448493
NaN NaN NaN NaN NaN 0.650137 0.650137 0.650137 NaN NaN 0.510959 0.510959 0.510959 0.586301 0.586301 0.586301 0.586301 NaN NaN NaN NaN NaN NaN NaN NaN NaN NaN NaN NaN NaN NaN NaN NaN NaN NaN NaN NaN 0.545479 0.545479 0.545479 0.545479 0.545479 0.487397 0.487397 0.487397 NaN NaN NaN NaN NaN NaN NaN NaN NaN NaN NaN NaN NaN NaN NaN NaN NaN 0.492877 0.492877 0.492877 0.448493 0.448493 0.448493 0.448493 0.448493 0.448493 0.448493 0.448493
NaN NaN NaN 0.650137 0.650137 0.650137 0.650137 0.650137 0.650137 NaN 0.510959 0.510959 NaN 0.586301 0.586301 0.586301 0.586301 0.586301 NaN NaN NaN NaN NaN NaN NaN NaN NaN NaN NaN NaN NaN NaN NaN NaN NaN NaN NaN 0.545479 0.545479 0.545479 NaN NaN 0.545479 0.487397 NaN NaN NaN NaN NaN NaN NaN NaN NaN NaN 0.514247 0.514247 0.514247 NaN NaN NaN 0.492877 0.492877 0.492877 0.492877 0.492877 0.492877 0.492877 0.492877 0.492877 0.492877 0.492877 0.492877 0.492877
0.650137 0.650137 0.650137 0.650137 0.650137 0.650137 0.650137 0.650137 0.650137 NaN NaN NaN NaN 0.586301 0.586301 0.586301 0.586301 0.586301 0.586301 NaN NaN NaN NaN NaN NaN NaN NaN NaN NaN NaN NaN NaN NaN NaN NaN NaN NaN NaN 0.545479 0.545479 0.545479 0.545479 NaN NaN 0.532329 0.532329 0.532329 NaN NaN NaN NaN 0.532329 0.532329 0.514247 0.514247 0.514247 0.514247 0.514247 0.514247 0.514247 0.514247 0.513151 0.492877 0.492877 0.492877 0.492877 0.492877 0.492877 0.492877 0.492877 0.492877 0.492877 0.492877
0.650137 0.650137 0.650137 0.650137 0.650137 0.650137 0.650137 0.650137 NaN NaN NaN NaN NaN NaN 0.586301 0.586301 0.586301 0.586301 0.586301 0.586301 NaN NaN NaN NaN NaN NaN NaN NaN NaN NaN NaN NaN NaN NaN NaN 0.545479 NaN 0.545479 0.545479 0.545479 0.545479 0.545479 0.545479 0.545479 0.532329 0.532329 0.532329 0.532329 0.532329 0.532329 0.532329 0.532329 0.532329 0.514247 0.514247 0.514247 0.514247 0.514247 0.514247 0.514247 0.514247 0.513151 0.513151 0.492877 0.492877 0.492877 0.492877 0.492877 0.492877 0.492877 0.492877 0.492877 0.492877
0.650137 0.650137 0.650137 0.650137 0.650137 0.650137 0.650137 0.650137 NaN NaN NaN 0.620548 0.620548 0.620548 0.586301 0.586301 0.586301 0.586301 0.586301 0.586301 0.586301 NaN NaN NaN NaN NaN NaN NaN NaN NaN NaN 0.545479 0.545479 0.545479 0.545479 0.545479 0.545479 0.545479 0.545479 0.545479 0.545479 0.545479 0.545479 0.545479 0.532329 0.532329 0.532329 0.532329 0.532329 0.532329 0.532329 0.532329 0.532329 0.514247 0.514247 0.514247 0.514247 0.514247 0.514247 0.514247 0.514247 0.513151 0.513151 0.513151 0.492877 0.492877 0.492877 0.492877 0.492877 0.492877 0.492877 0.492877 0.492877
NaN 0.650137 0.650137 0.650137 0.650137 0.650137 0.650137 0.650137 NaN NaN NaN NaN 0.620548 0.620548 0.620548 0.586301 0.586301 0.586301 0.586301 0.586301 0.586301 0.586301 0.586301 NaN NaN NaN NaN NaN NaN 0.620548 NaN 0.545479 0.545479 0.545479 0.545479 0.545479 0.545479 0.545479 0.545479 0.545479 0.545479 0.545479 0.545479 0.545479 0.545479 0.532329 0.532329 0.532329 0.532329 0.532329 0.532329 0.532329 0.532329 0.514247 0.514247 0.514247 0.514247 0.514247 0.514247 0.514247 0.513151 0.513151 0.513151 0.513151 0.513151 0.492877 0.492877 0.492877 0.492877 0.492877 0.503836 0.503836 0.503836
0.650137 0.650137 0.650137 0.650137 0.650137 0.650137 0.650137 NaN NaN NaN NaN 0.620548 0.620548 0.620548 0.620548 0.620548 0.586301 0.586301 0.586301 0.586301 0.620548 0.620548 0.620548 NaN NaN NaN NaN NaN NaN 0.620548 0.525479 0.545479 0.545479 0.545479 0.545479 0.545479 0.545479 0.545479 0.545479 0.545479 0.545479 0.545479 0.545479 0.545479 0.545479 0.532329 0.532329 0.532329 0.532329 0.532329 0.532329 0.532329 0.532329 0.532329 0.514247 0.514247 0.514247 0.514247 0.514247 0.513151 0.513151 0.513151 0.513151 0.513151 0.513151 0.513151 0.492877 0.492877 0.503836 0.503836 0.503836 0.503836 0.503836
0.650137 0.650137 0.650137 0.650137 NaN NaN NaN NaN NaN NaN 0.620548 0.620548 0.620548 0.620548 0.620548 0.620548 0.586301 0.586301 0.586301 0.620548 0.620548 0.620548 NaN NaN NaN NaN NaN NaN 0.620548 0.620548 0.525479 0.525479 0.545479 0.545479 0.545479 0.545479 0.545479 0.545479 0.545479 0.545479 0.545479 0.545479 0.545479 0.545479 0.545479 0.501096 0.501096 0.501096 0.532329 0.532329 0.532329 0.532329 0.532329 0.532329 0.513151 0.513151 0.513151 0.513151 0.513151 0.513151 0.513151 0.513151 0.513151 0.513151 0.513151 0.503836 0.503836 0.503836 0.503836 0.503836 0.503836 0.503836 0.503836
NaN NaN NaN NaN NaN NaN NaN NaN NaN NaN NaN NaN 0.620548 0.620548 0.620548 0.620548 0.620548 0.620548 0.620548 0.620548 0.620548 0.620548 0.620548 NaN NaN NaN 0.620548 0.620548 0.620548 0.620548 0.525479 0.525479 0.525479 0.545479 0.545479 0.545479 0.545479 0.545479 0.545479 0.545479 0.545479 0.545479 0.545479 0.545479 0.501096 0.501096 0.501096 0.501096 0.501096 0.501096 0.532329 0.532329 0.532329 0.513151 0.513151 0.513151 0.513151 0.513151 0.513151 0.513151 0.513151 0.513151 0.513151 0.513151 0.513151 0.503836 0.503836 0.503836 0.503836 0.503836 0.503836 0.503836 0.503836
NaN NaN NaN NaN NaN NaN NaN NaN NaN NaN NaN 0.620548 0.620548 0.620548 0.620548 0.620548 0.620548 0.620548 0.620548 0.620548 0.620548 NaN NaN 0.620548 0.620548 0.620548 0.620548 0.620548 0.620548 0.620548 0.620548 0.525479 0.525479 0.525479 0.545479 0.545479 0.545479 0.545479 0.545479 0.545479 0.545479 0.545479 0.545479 0.501096 0.501096 0.501096 0.501096 0.501096 0.501096 0.501096 0.501096 0.501096 0.501096 0.513151 0.513151 0.513151 0.513151 0.513151 0.513151 0.513151 0.513151 0.513151 0.513151 0.513151 0.513151 0.503836 0.503836 0.503836 0.503836 0.503836 0.503836 0.503836 0.503836
NaN NaN NaN NaN NaN NaN NaN NaN NaN 0.620548 0.620548 NaN 0.620548 NaN NaN NaN NaN NaN NaN NaN NaN NaN NaN 0.620548 0.620548 0.620548 0.620548 0.620548 0.620548 0.620548 0.620548 0.525479 0.525479 0.525479 0.525479 0.525479 0.525479 0.525479 0.525479 0.525479 0.545479 0.545479 0.545479 0.501096 0.501096 0.501096 0.501096 0.501096 0.501096 0.501096 0.501096 0.501096 0.501096 0.501096 0.513151 0.513151 0.513151 0.513151 0.513151 0.513151 0.513151 0.513151 0.513151 0.513151 0.513151 0.503836 0.503836 0.503836 0.503836 0.503836 0.503836 0.503836 0.503836
NaN NaN NaN NaN NaN NaN NaN NaN NaN NaN NaN NaN NaN NaN NaN NaN NaN NaN NaN NaN 0.620548 0.620548 0.620548 0.620548 0.620548 0.620548 0.620548 0.620548 0.620548 0.620548 0.620548 0.525479 0.525479 0.525479 0.525479 0.525479 0.525479 0.525479 0.525479 0.525479 0.525479 0.545479 0.545479 0.501096 0.501096 0.501096 0.501096 0.501096 0.501096 0.501096 0.501096 0.501096 0.501096 0.501096 0.513151 0.513151 0.513151 0.513151 0.513151 0.513151 0.513151 0.513151 0.513151 0.513151 0.513151 0.503836 0.503836 0.503836 0.503836 0.503836 0.503836 0.503836 0.503836
NaN NaN NaN NaN NaN NaN NaN NaN NaN NaN NaN NaN NaN NaN NaN NaN 0.767945 0.767945 0.620548 0.620548 0.620548 0.620548 0.620548 0.620548 0.620548 0.620548 0.620548 0.620548 0.620548 0.620548 0.620548 0.620548 0.525479 0.525479 0.525479 0.525479 0.525479 0.525479 0.525479 0.525479 0.525479 0.525479 0.501096 0.501096 0.501096 0.501096 0.501096 0.501096 0.501096 0.501096 0.501096 0.501096 0.501096 0.571233 0.571233 0.571233 0.513151 0.513151 0.513151 0.513151 0.513151 0.513151 0.513151 0.513151 0.513151 0.503836 0.503836 0.503836 0.503836 0.503836 0.503836 0.503836 0.503836
NaN NaN NaN NaN NaN NaN NaN NaN NaN NaN NaN NaN 0.767945 0.767945 NaN NaN 0.767945 0.767945 0.620548 0.620548 0.620548 0.620548 0.620548 0.620548 0.620548 0.620548 0.620548 0.620548 0.620548 0.620548 0.620548 0.620548 0.620548 0.620548 0.525479 0.525479 0.525479 0.525479 0.525479 0.525479 0.525479 0.525479 0.501096 0.501096 0.501096 0.501096 0.501096 0.501096 0.501096 0.501096 0.501096 0.571233 0.571233 0.571233 0.571233 0.571233 0.571233 0.571233 0.513151 0.513151 0.513151 0.513151 0.513151 0.533699 0.533699 0.533699 0.503836 0.503836 0.503836 0.503836 0.503836 0.503836 0.503836
NaN NaN NaN NaN NaN NaN NaN NaN NaN NaN NaN 0.767945 0.767945 0.767945 0.767945 0.767945 0.767945 0.767945 0.620548 0.620548 0.620548 0.620548 0.620548 0.620548 0.620548 0.620548 0.620548 0.620548 0.620548 0.620548 0.620548 0.620548 0.620548 0.620548 0.525479 0.525479 0.525479 0.525479 0.525479 0.525479 0.525479 0.525479 0.525479 0.501096 0.501096 0.501096 0.501096 0.501096 0.501096 0.501096 0.501096 0.571233 0.571233 0.571233 0.571233 0.571233 0.571233 0.571233 0.571233 0.571233 0.571233 0.513151 0.513151 0.533699 0.533699 0.533699 0.533699 0.503836 0.503836 0.503836 0.503836 0.503836 0.503836
NaN NaN NaN NaN NaN NaN NaN NaN NaN NaN NaN NaN 0.767945 0.767945 0.767945 0.767945 0.767945 0.767945 0.767945 0.620548 0.620548 0.620548 0.620548 0.620548 0.620548 0.620548 0.620548 0.620548 0.620548 0.620548 0.620548 0.620548 0.620548 0.620548 0.525479 0.525479 0.525479 0.525479 0.525479 0.525479 0.525479 0.525479 0.525479 0.501096 0.501096 0.501096 0.501096 0.501096 0.501096 0.501096 0.501096 0.501096 0.571233 0.571233 0.571233 0.571233 0.571233 0.571233 0.571233 0.571233 0.615068 0.615068 0.615068 0.615068 0.533699 0.533699 0.533699 0.533699 0.503836 0.503836 0.503836 0.503836 0.503836
NaN NaN NaN NaN NaN NaN NaN NaN NaN NaN NaN NaN NaN NaN NaN 0.767945 0.767945 0.767945 0.767945 0.620548 0.620548 0.620548 0.620548 0.620548 0.620548 0.620548 0.620548 0.620548 0.620548 0.620548 0.620548 0.620548 0.620548 0.525479 0.525479 0.525479 0.525479 0.525479 0.525479 0.525479 0.345205 0.345205 0.345205 0.501096 0.501096 0.345205 0.345205 0.345205 0.345205 0.345205 0.501096 0.571233 0.571233 0.571233 0.571233 0.571233 0.571233 0.571233 0.615068 0.615068 0.615068 0.615068 0.615068 0.615068 0.533699 0.533699 0.533699 0.533699 0.533699 0.503836 0.503836 0.503836 0.503836
NaN NaN NaN NaN NaN NaN NaN NaN NaN NaN NaN NaN NaN NaN NaN NaN 0.767945 0.767945 0.767945 0.767945 0.620548 0.620548 0.620548 0.620548 0.620548 0.620548 0.620548 0.620548 0.620548 0.620548 0.620548 0.620548 0.620548 0.525479 0.525479 0.525479 0.525479 0.345205 0.345205 0.345205 0.345205 0.345205 0.345205 0.345205 0.345205 0.345205 0.345205 0.345205 0.501096 0.501096 0.571233 0.653699 0.571233 0.571233 0.571233 0.571233 0.571233 0.615068 0.615068 0.615068 0.615068 0.615068 0.615068 0.615068 0.533699 0.533699 0.533699 0.533699 0.533699 0.533699 0.503836 0.503836 0.503836
NaN NaN NaN NaN NaN NaN NaN NaN NaN NaN NaN NaN NaN NaN NaN NaN NaN 0.767945 0.767945 0.767945 0.767945 0.620548 0.620548 0.620548 0.620548 0.620548 0.620548 0.620548 0.620548 0.620548 0.620548 0.620548 0.620548 0.525479 0.525479 0.525479 0.525479 0.345205 0.345205 0.345205 0.345205 0.345205 0.632055 0.345205 0.345205 0.345205 0.345205 0.345205 0.501096 0.571233 0.653699 0.653699 0.653699 0.653699 0.653699 0.571233 0.615068 0.615068 0.615068 0.615068 0.615068 0.615068 0.615068 0.615068 0.533699 0.533699 0.533699 0.533699 0.533699 0.533699 0.533699 0.533699 0.533699
NaN NaN NaN NaN NaN NaN NaN NaN NaN NaN NaN NaN NaN NaN NaN NaN NaN NaN 0.767945 0.767945 0.767945 0.620548 0.620548 0.620548 0.620548 0.620548 0.620548 0.620548 0.620548 0.620548 0.620548 0.620548 0.620548 0.620548 0.525479 0.632055 0.632055 0.632055 0.632055 0.632055 0.632055 0.632055 0.632055 0.632055 0.345205 0.345205 0.345205 0.571233 0.571233 0.653699 0.653699 0.653699 0.653699 0.653699 0.653699 0.653699 0.615068 0.615068 0.615068 0.615068 0.615068 0.615068 0.615068 0.533699 0.533699 0.533699 0.533699 0.533699 0.533699 0.533699 0.533699 0.533699 0.533699
NaN NaN NaN NaN NaN NaN NaN NaN NaN NaN NaN NaN NaN NaN NaN NaN NaN NaN 0.767945 0.767945 0.767945 0.759726 0.620548 0.620548 0.620548 0.620548 0.620548 0.620548 0.620548 0.620548 0.620548 0.620548 0.620548 0.620548 0.632055 0.632055 0.632055 0.632055 0.632055 0.632055 0.632055 0.632055 0.632055 0.632055 0.825753 NaN NaN 0.653699 0.653699 0.653699 0.653699 0.653699 0.653699 0.653699 0.653699 0.653699 0.551507 0.551507 0.615068 0.615068 0.615068 0.615068 0.615068 0.533699 0.533699 0.533699 0.533699 0.533699 0.533699 0.533699 0.533699 0.533699 0.533699
NaN NaN NaN NaN NaN NaN NaN NaN NaN NaN NaN NaN NaN NaN NaN NaN NaN NaN 0.767945 0.767945 0.759726 0.759726 0.759726 0.759726 0.620548 0.620548 0.620548 0.620548 0.620548 0.620548 0.620548 0.620548 0.620548 0.620548 0.632055 0.632055 0.632055 0.632055 0.632055 0.632055 0.632055 0.825753 0.825753 0.825753 0.825753 NaN NaN NaN NaN NaN 0.653699 0.653699 0.653699 0.653699 0.551507 0.551507 0.551507 0.551507 0.551507 0.551507 0.615068 0.595616 0.595616 0.595616 0.595616 0.533699 0.533699 0.533699 0.533699 0.533699 0.533699 0.533699 0.533699
NaN NaN NaN NaN NaN NaN NaN NaN NaN NaN NaN NaN NaN NaN NaN NaN NaN 0.767945 0.767945 0.759726 0.759726 0.759726 0.759726 0.759726 0.759726 0.620548 0.620548 0.620548 0.759726 0.759726 0.620548 0.620548 0.620548 0.620548 0.620548 0.632055 0.632055 NaN NaN 0.632055 0.632055 0.825753 0.825753 0.825753 0.825753 NaN NaN NaN NaN NaN 0.653699 0.653699 0.551507 0.551507 0.551507 0.551507 0.551507 0.551507 0.551507 0.551507 0.595616 0.595616 0.595616 0.595616 0.595616 0.595616 0.595616 0.533699 0.533699 0.635616 0.635616 0.635616 0.635616
NaN NaN NaN NaN 0.866301 NaN NaN NaN NaN NaN NaN NaN NaN NaN NaN NaN NaN 0.759726 0.759726 0.759726 0.759726 0.759726 0.759726 0.759726 0.759726 0.759726 0.620548 0.759726 0.759726 0.759726 0.759726 0.620548 0.620548 0.620548 0.632055 0.632055 NaN NaN NaN NaN 0.825753 0.825753 0.825753 0.825753 0.825753 0.825753 0.825753 NaN NaN NaN NaN 0.653699 0.653699 0.551507 0.551507 0.551507 0.551507 0.551507 0.551507 0.551507 0.551507 0.595616 0.595616 0.595616 0.595616 0.595616 0.595616 0.595616 0.595616 0.635616 0.635616 0.635616 0.635616
NaN NaN 0.866301 0.866301 0.866301 0.866301 0.866301 0.866301 0.866301 0.746849 0.746849 0.746849 0.746849 0.746849 0.746849 0.746849 0.746849 0.759726 0.759726 0.759726 0.759726 0.759726 0.759726 0.759726 0.759726 0.759726 0.759726 NaN NaN NaN NaN 0.759726 0.759726 NaN NaN NaN NaN NaN NaN NaN NaN 0.825753 0.825753 0.825753 0.825753 0.825753 0.825753 0.825753 NaN NaN NaN NaN NaN 0.653699 0.653699 0.653699 0.551507 0.551507 0.551507 0.551507 0.551507 0.595616 0.595616 0.595616 0.595616 0.595616 0.595616 0.595616 0.595616 0.635616 0.635616 0.635616 0.635616
NaN NaN 0.866301 0.866301 0.866301 0.866301 0.866301 0.866301 0.746849 0.746849 0.746849 0.746849 0.746849 0.746849 0.746849 0.746849 0.746849 0.759726 0.759726 0.759726 0.759726 0.759726 0.759726 0.759726 0.759726 0.759726 NaN NaN NaN NaN NaN NaN NaN NaN NaN NaN NaN NaN NaN NaN NaN NaN 0.825753 0.825753 0.825753 0.825753 0.825753 0.825753 NaN NaN NaN NaN NaN NaN NaN 0.653699 0.653699 0.551507 0.551507 0.551507 0.551507 0.682466 0.595616 0.595616 0.595616 0.595616 0.595616 0.595616 0.595616 0.635616 0.635616 0.635616 0.635616
NaN NaN 0.866301 0.866301 0.866301 0.866301 0.866301 0.866301 0.746849 0.746849 0.746849 0.746849 0.746849 0.746849 0.746849 0.746849 0.746849 0.759726 0.759726 0.759726 0.759726 0.759726 0.759726 0.759726 0.759726 0.759726 NaN NaN NaN NaN NaN NaN NaN NaN NaN NaN NaN NaN NaN NaN NaN NaN NaN 0.825753 0.825753 0.825753 0.825753 0.825753 0.825753 NaN NaN NaN NaN NaN NaN NaN NaN NaN 0.551507 0.551507 0.682466 0.682466 0.682466 0.595616 0.595616 0.595616 0.595616 0.595616 0.595616 0.635616 0.635616 0.635616 0.635616
NaN NaN 0.866301 0.866301 0.866301 0.866301 0.866301 0.866301 0.746849 0.746849 0.746849 0.746849 0.746849 0.746849 0.746849 0.746849 0.759726 0.759726 0.759726 0.759726 0.759726 0.759726 0.759726 0.759726 0.759726 0.759726 NaN NaN NaN NaN NaN NaN NaN NaN NaN NaN NaN NaN NaN NaN NaN NaN NaN NaN 0.825753 0.825753 0.825753 0.825753 0.825753 0.825753 0.825753 0.825753 NaN NaN NaN NaN NaN NaN NaN 0.682466 0.682466 0.682466 0.682466 0.682466 0.595616 0.595616 0.595616 0.595616 0.595616 0.595616 0.635616 0.635616 0.635616
NaN NaN 0.866301 0.866301 0.866301 0.866301 0.915069 0.746849 0.746849 0.746849 0.746849 0.746849 0.746849 0.746849 0.759726 0.759726 0.759726 0.759726 0.759726 0.759726 0.759726 0.759726 0.759726 0.759726 NaN NaN NaN NaN NaN NaN NaN NaN NaN NaN NaN NaN NaN NaN NaN NaN NaN NaN NaN NaN NaN NaN 0.825753 0.825753 0.825753 0.825753 0.825753 0.825753 0.825753 NaN NaN NaN NaN NaN NaN 0.682466 0.682466 0.682466 0.682466 0.682466 0.595616 0.595616 0.595616 0.595616 0.595616 0.595616 0.595616 0.635616 0.823562
NaN NaN 0.866301 0.866301 0.915069 0.915069 0.915069 0.915069 0.746849 0.746849 0.746849 0.746849 0.746849 0.746849 0.759726 0.759726 0.759726 0.759726 0.759726 0.759726 0.759726 0.759726 NaN NaN NaN NaN NaN NaN NaN NaN NaN NaN NaN NaN NaN NaN NaN NaN NaN NaN NaN NaN NaN NaN NaN NaN NaN NaN 0.825753 0.825753 0.825753 0.825753 0.825753 0.825753 0.825753 0.825753 NaN NaN NaN 0.682466 0.682466 0.682466 0.682466 0.682466 0.866301 0.866301 0.866301 0.866301 NaN 0.595616 NaN NaN 0.823562
