data/euroclim_0.0_0.5x0.5_natural_fertility_-5000.asc
ncols	104
nrows	52
xllcorner	-9.750000
yllcorner	31.250000
cellsize	0.500000
NODATA_value	NaN
NaN NaN NaN NaN NaN 0.973719 0.973719 0.973719 NaN 0.973719 0.973719 NaN NaN NaN NaN NaN NaN NaN NaN NaN NaN NaN NaN NaN NaN NaN NaN NaN NaN NaN NaN NaN NaN NaN NaN NaN NaN NaN NaN NaN NaN NaN NaN NaN NaN NaN NaN NaN NaN NaN NaN 0.655810
NaN NaN NaN NaN NaN 0.973719 0.973719 0.973719 0.973719 0.973719 0.973719 NaN NaN NaN NaN NaN NaN NaN NaN NaN NaN NaN NaN NaN NaN NaN NaN NaN NaN NaN NaN NaN NaN NaN NaN 0.904266 0.904266 NaN NaN NaN NaN NaN NaN NaN NaN NaN NaN NaN NaN 0.655810 0.655810 0.655810
NaN NaN NaN NaN NaN 0.973719 0.973719 0.973719 0.973719 0.973719 0.973719 NaN NaN NaN NaN NaN NaN NaN NaN NaN NaN NaN NaN NaN NaN NaN NaN 0.997224 0.997224 0.997224 0.997224 0.997224 0.997224 0.997224 0.904266 0.904266 0.904266 0.904266 0.904266 0.904266 NaN NaN NaN NaN NaN NaN NaN NaN 0.655810 0.655810 0.655810 0.655810
NaN NaN NaN NaN 0.973719 0.973719 0.973719 0.973719 0.973719 0.973719 0.973719 NaN NaN NaN NaN NaN NaN NaN NaN NaN NaN NaN NaN NaN NaN NaN NaN 0.997224 0.997224 0.997224 0.997224 0.997224 0.997224 0.904266 0.904266 0.904266 0.904266 0.904266 0.904266 0.904266 NaN NaN NaN NaN NaN NaN NaN 0.655810 0.655810 0.655810 0.655810 0.655810
NaN NaN NaN NaN 0.973719 0.973719 0.973719 0.973719 0.973719 0.973719 NaN NaN NaN NaN NaN NaN NaN NaN NaN NaN NaN NaN NaN NaN NaN NaN 0.997224 0.997224 0.997224 0.997224 0.997224 0.997224 0.904266 0.904266 0.904266 0.904266 0.904266 0.904266 0.904266 0.904266 NaN NaN NaN NaN NaN NaN NaN 0.655810 0.655810 0.655810 0.655810 0.867553
NaN NaN NaN 0.973719 0.973719 0.973719 0.973719 0.973719 0.973719 0.973719 NaN NaN NaN NaN NaN NaN NaN NaN NaN NaN NaN NaN NaN NaN NaN NaN NaN 0.997224 0.997224 0.997224 0.997224 0.997224 0.904266 0.904266 0.904266 0.904266 0.904266 0.904266 0.904266 0.904266 NaN NaN NaN NaN NaN NaN 0.867553 0.655810 0.655810 0.655810 0.655810 0.867553
NaN NaN NaN 0.973719 0.973719 0.973719 0.973719 0.973719 0.973719 0.973719 NaN NaN NaN NaN NaN NaN NaN NaN NaN NaN NaN NaN NaN NaN NaN NaN NaN 0.997224 0.997224 0.997224 0.997224 0.904266 0.904266 0.904266 0.904266 0.904266 0.904266 0.904266 0.904266 0.904266 NaN NaN NaN NaN NaN NaN 0.867553 0.867553 0.655810 0.655810 0.655810 0.867553
NaN NaN NaN 0.973719 0.973719 0.973719 0.973719 0.973719 0.973719 NaN NaN NaN NaN NaN NaN NaN NaN NaN NaN NaN NaN NaN NaN NaN NaN NaN NaN 0.997224 0.997224 0.997224 0.997224 0.894287 0.904266 0.904266 0.904266 0.904266 0.904266 0.904266 0.904266 0.893579 0.893579 NaN NaN NaN 0.867553 0.867553 0.867553 0.867553 0.867553 0.655810 0.867553 0.655810
0.938421 0.938421 0.938421 NaN 0.973719 0.973719 NaN NaN NaN NaN NaN NaN NaN NaN NaN NaN NaN NaN NaN NaN NaN NaN NaN NaN NaN NaN NaN 0.997224 0.894287 0.894287 0.894287 0.894287 0.894287 0.904266 0.904266 0.904266 0.904266 0.904266 0.893579 0.893579 0.893579 0.893579 0.893579 0.867553 0.867553 0.867553 0.867553 0.867553 0.867553 0.867553 0.867553 0.655810
0.938421 0.938421 0.938421 NaN NaN NaN NaN NaN NaN NaN NaN NaN NaN 0.948519 NaN NaN NaN NaN NaN NaN NaN NaN NaN NaN NaN NaN NaN 0.894287 0.894287 0.894287 0.894287 0.894287 0.894287 0.904266 0.904266 0.904266 0.904266 0.904266 0.893579 0.893579 0.893579 0.893579 NaN 0.867553 0.867553 0.867553 0.867553 0.867553 0.867553 0.867553 0.655810 0.138720
0.938421 0.938421 0.938421 0.938421 0.938421 NaN NaN NaN NaN NaN 0.948519 NaN NaN 0.948519 NaN NaN NaN NaN NaN NaN NaN NaN NaN NaN NaN NaN NaN 0.894287 0.894287 0.894287 0.894287 0.894287 0.894287 0.869440 0.869440 0.869440 0.869440 0.869440 0.893579 0.893579 0.893579 NaN NaN 0.867553 0.867553 0.867553 0.867553 0.867553 0.621833 0.867553 0.138720 0.138720
0.938421 0.938421 0.938421 0.938421 0.938421 NaN NaN 0.948519 NaN 0.948519 0.948519 NaN 0.948519 NaN NaN NaN NaN 0.955860 NaN NaN NaN NaN NaN NaN NaN NaN NaN 0.894287 0.894287 0.894287 0.894287 0.894287 0.894287 0.869440 0.869440 0.869440 0.869440 0.869440 0.893579 0.893579 0.893579 NaN NaN 0.867553 0.867553 0.867553 0.867553 0.621833 0.621833 0.621833 0.138720 0.138720
0.938421 0.938421 0.938421 0.938421 NaN NaN NaN 0.948519 0.948519 0.948519 0.948519 0.948519 0.948519 0.948519 NaN NaN 0.955860 0.955860 0.955860 NaN NaN NaN NaN NaN NaN NaN NaN 0.894287 0.894287 0.894287 0.894287 0.894287 0.894287 0.869440 0.869440 0.869440 0.869440 0.869440 0.869440 0.893579 0.893579 NaN NaN 0.867553 0.867553 0.867553 0.621833 0.621833 0.621833 0.138720 0.138720 0.138720
0.938421 0.938421 0.938421 0.930707 0.930707 0.930707 NaN 0.948519 0.948519 0.948519 0.948519 0.948519 0.948519 NaN NaN NaN 0.955860 0.955860 0.955860 NaN NaN NaN NaN NaN NaN NaN NaN 0.894287 0.894287 0.894287 0.894287 0.894287 0.894287 0.869440 0.869440 0.869440 0.869440 0.869440 0.869440 0.869440 0.893579 NaN NaN 0.867553 0.867553 0.867553 0.621833 0.621833 0.621833 0.138720 0.138720 0.138720
0.938421 NaN 0.938421 0.930707 0.930707 0.930707 0.930707 0.930707 0.948519 0.948519 0.948519 0.948519 0.948519 NaN NaN NaN NaN 0.955860 0.955860 NaN NaN NaN NaN NaN NaN NaN NaN 0.894287 0.894287 0.894287 0.894287 0.924617 0.924617 0.924617 0.869440 0.869440 0.869440 0.869440 0.869440 0.869440 0.893579 NaN NaN NaN 0.867553 0.621833 0.621833 0.621833 0.621833 0.138720 0.138720 0.138720
NaN NaN 0.930707 0.930707 0.930707 0.930707 0.930707 0.930707 0.930707 0.948519 0.948519 0.948519 0.948519 NaN NaN NaN NaN 0.955860 0.955860 0.955860 NaN NaN NaN NaN NaN NaN NaN 0.894287 0.894287 0.894287 0.894287 0.924617 0.924617 0.924617 0.869440 0.869440 0.869440 0.869440 0.869440 0.893579 0.893579 NaN NaN NaN 0.752499 0.621833 0.621833 0.621833 0.621833 0.138720 0.138720 0.138720
NaN NaN NaN 0.930707 0.930707 0.930707 0.930707 0.930707 0.930707 0.930707 0.930707 0.948519 0.948519 NaN NaN 0.955860 0.955860 0.955860 0.955860 0.955860 0.955860 NaN NaN NaN NaN NaN NaN 0.894287 0.894287 0.894287 0.924617 0.924617 0.924617 0.924617 0.869440 0.869440 0.869440 0.893579 0.893579 0.893579 NaN NaN NaN NaN 0.752499 0.621833 0.621833 0.621833 0.621833 0.621833 0.241465 0.241465
NaN NaN NaN NaN 0.930707 0.930707 0.930707 0.930707 0.930707 0.930707 0.930707 0.948519 0.948519 NaN NaN 0.955860 0.955860 0.955860 0.955860 0.955860 0.955860 0.955860 NaN NaN NaN 0.955860 0.924617 0.924617 0.924617 0.924617 0.924617 0.924617 0.924617 0.924617 0.924617 0.869440 0.869440 0.893579 0.893579 NaN NaN NaN NaN 0.752499 0.752499 0.752499 0.621833 0.621833 0.621833 0.241465 0.241465 0.241465
NaN NaN NaN NaN NaN 0.930707 0.930707 0.930707 0.930707 0.930707 0.930707 0.948519 0.948519 NaN NaN 0.948519 0.948519 0.948519 0.955860 0.955860 0.955860 0.955860 0.955860 0.955860 0.955860 0.955860 0.924617 0.924617 0.924617 0.924617 0.924617 0.924617 0.924617 0.924617 0.924617 0.924617 0.893579 0.893579 0.893579 NaN NaN NaN 0.752499 0.752499 0.752499 0.752499 0.621833 0.621833 0.621833 0.241465 0.241465 0.241465
NaN NaN NaN NaN NaN NaN 0.930707 0.930707 0.930707 0.930707 0.948519 0.948519 0.948519 NaN NaN 0.948519 0.948519 0.948519 0.948519 0.948519 0.955860 0.955860 0.955860 0.955860 0.955860 0.924617 0.924617 0.924617 0.924617 0.924617 0.924617 0.924617 0.924617 0.924617 0.924617 0.924617 0.893579 NaN NaN NaN NaN NaN 0.752499 0.752499 0.752499 0.752499 0.752499 0.621833 0.621833 0.241465 0.241465 0.241465
NaN NaN NaN NaN NaN NaN NaN 0.930707 0.930707 0.948519 0.948519 0.948519 0.948519 NaN 0.948519 0.948519 0.948519 0.948519 0.948519 0.948519 0.948519 0.955860 0.955860 0.955860 0.924617 0.924617 0.924617 0.924617 0.924617 0.924617 0.924617 0.924617 0.924617 0.924617 NaN NaN NaN NaN NaN NaN NaN NaN 0.752499 0.752499 0.752499 0.752499 0.752499 0.621833 0.241465 0.241465 0.241465 0.241465
NaN NaN NaN NaN NaN NaN NaN NaN 0.930707 0.948519 0.948519 0.948519 NaN NaN 0.948519 0.948519 0.948519 0.948519 0.948519 0.948519 0.948519 0.948519 0.948519 0.924617 0.924617 0.924617 0.924617 0.924617 0.924617 0.924617 0.924617 0.924617 0.924617 NaN NaN NaN NaN NaN NaN NaN NaN 0.752499 0.752499 0.752499 0.752499 0.752499 0.752499 0.752499 0.241465 0.241465 0.241465 0.241465
NaN NaN NaN NaN NaN NaN NaN NaN 0.930707 0.948519 NaN 0.948519 NaN NaN 0.948519 0.948519 0.948519 0.948519 0.948519 0.948519 0.948519 0.948519 0.948519 0.948519 0.924617 0.924617 0.924617 0.924617 0.924617 0.924617 0.924617 0.924617 NaN NaN NaN NaN NaN NaN NaN NaN NaN 0.752499 0.752499 0.752499 0.752499 0.752499 0.752499 0.752499 0.596150 0.241465 0.241465 0.241465
NaN NaN NaN NaN NaN NaN NaN NaN NaN NaN NaN NaN 0.948519 0.948519 0.948519 0.948519 0.948519 0.948519 0.948519 0.948519 0.948519 0.948519 0.948519 0.948519 0.924617 0.924617 0.924617 0.924617 0.924617 0.924617 0.924617 0.924617 NaN NaN NaN NaN NaN NaN NaN NaN NaN 0.752499 0.752499 0.752499 0.752499 0.752499 0.596150 0.596150 0.241465 0.241465 0.241465 0.241465
NaN NaN NaN NaN NaN NaN NaN NaN NaN NaN NaN NaN 0.948519 0.948519 0.948519 0.948519 0.948519 0.948519 0.948519 0.948519 0.948519 0.948519 0.948519 0.948519 0.948519 0.924617 0.924617 0.924617 0.924617 0.924617 0.924617 NaN NaN NaN NaN NaN NaN NaN NaN NaN NaN 0.752499 0.752499 0.596150 0.596150 0.596150 0.596150 0.241465 0.241465 0.241465 0.241465 0.241465
NaN NaN NaN NaN NaN NaN NaN NaN NaN NaN NaN NaN 0.948519 0.948519 0.948519 0.948519 0.948519 0.948519 0.948519 0.948519 0.948519 0.948519 0.948519 0.948519 0.948519 0.948519 0.924617 0.924617 0.924617 0.924617 0.924617 NaN NaN NaN NaN NaN NaN NaN NaN NaN 0.752499 0.752499 0.596150 0.596150 0.596150 0.596150 0.596150 0.241465 0.241465 0.241465 0.241465 0.241465
NaN NaN NaN NaN NaN NaN NaN NaN NaN NaN NaN 0.948519 0.948519 0.948519 0.948519 0.948519 0.948519 0.948519 0.948519 0.948519 0.948519 0.948519 0.948519 0.948519 0.948519 0.948519 0.948519 0.924617 NaN NaN NaN NaN NaN NaN NaN NaN NaN NaN NaN NaN 0.752499 0.596150 0.596150 0.596150 0.596150 0.596150 0.596150 0.241465 0.241465 0.241465 0.241465 0.241465
NaN NaN NaN NaN NaN NaN NaN NaN NaN NaN NaN 0.948519 0.948519 0.948519 0.948519 0.948519 0.948519 0.948519 0.948519 0.948519 0.948519 0.948519 0.948519 0.948519 0.948519 0.948519 0.924617 NaN NaN NaN NaN NaN NaN NaN NaN NaN NaN NaN NaN NaN 0.596150 0.596150 0.596150 0.596150 0.596150 0.596150 0.596150 0.241465 0.241465 0.241465 0.241465 0.241465
NaN NaN NaN NaN NaN NaN NaN NaN NaN NaN 0.948519 0.948519 0.948519 0.948519 0.948519 0.948519 0.948519 0.948519 0.948519 0.948519 0.948519 0.948519 0.948519 0.948519 0.948519 0.924617 0.924617 NaN NaN NaN NaN NaN NaN NaN NaN NaN NaN NaN NaN NaN 0.774270 0.596150 0.596150 0.596150 0.596150 0.596150 0.313359 0.313359 0.241465 0.241465 0.241465 0.241465
NaN NaN NaN NaN NaN NaN NaN NaN 0.948519 0.948519 0.948519 0.948519 0.948519 0.948519 0.948519 0.948519 0.948519 0.948519 0.948519 0.948519 0.948519 0.948519 0.948519 0.948519 0.948519 0.924617 0.924617 NaN NaN NaN NaN NaN NaN NaN NaN NaN NaN NaN NaN NaN 0.774270 0.774270 0.313359 0.313359 0.313359 0.313359 0.313359 0.313359 0.313359 0.241465 0.241465 0.225658
NaN NaN NaN NaN NaN NaN NaN NaN NaN 0.939653 0.939653 0.939653 0.948519 0.948519 0.948519 0.948519 0.948519 0.948519 0.948519 0.948519 0.948519 0.948519 0.948519 0.948519 0.948519 0.948519 0.924617 NaN NaN NaN NaN NaN NaN NaN NaN NaN NaN NaN NaN NaN 0.774270 0.774270 0.774270 0.313359 0.313359 0.313359 0.313359 0.313359 0.313359 0.313359 0.225658 0.225658
NaN NaN NaN NaN NaN NaN NaN 0.919343 0.919343 0.919343 0.939653 0.939653 0.939653 0.939653 0.939653 0.948519 0.948519 0.948519 0.948519 0.948519 0.948519 0.948519 0.948519 0.948519 0.948519 0.948519 0.948519 0.924617 NaN NaN NaN NaN NaN NaN NaN NaN NaN NaN NaN NaN 0.774270 0.774270 0.774270 0.774270 0.313359 0.313359 0.313359 0.313359 0.313359 0.313359 0.225658 0.225658
NaN NaN NaN NaN NaN NaN NaN 0.919343 0.919343 0.919343 0.919343 0.939653 0.939653 0.939653 0.939653 0.939653 0.948519 0.948519 0.948519 0.948519 0.948519 0.948519 0.948519 0.948519 0.948519 0.948519 0.948519 0.924617 NaN NaN NaN NaN NaN NaN NaN NaN NaN NaN NaN NaN 0.774270 0.774270 0.774270 0.774270 0.313359 0.313359 0.313359 0.313359 0.313359 0.313359 0.225658 0.225658
NaN NaN NaN NaN NaN NaN NaN 0.919343 0.919343 0.919343 0.919343 0.919343 0.939653 0.939653 0.939653 0.939653 0.948519 0.948519 0.948519 0.939653 0.939653 0.939653 0.948519 0.948519 0.948519 0.948519 0.948519 NaN NaN NaN NaN NaN NaN NaN NaN NaN NaN NaN NaN NaN 0.774270 0.774270 0.774270 0.774270 0.313359 0.313359 0.313359 0.313359 0.313359 0.225658 0.225658 0.225658
NaN NaN NaN NaN NaN NaN NaN 0.919343 0.919343 0.919343 0.919343 0.919343 0.919343 0.939653 0.939653 0.939653 0.939653 0.939653 0.939653 0.939653 0.939653 0.939653 0.939653 0.965908 0.965908 0.948519 0.965908 NaN NaN NaN NaN NaN NaN NaN NaN NaN NaN NaN NaN NaN 0.774270 0.774270 0.774270 0.774270 0.313359 0.313359 0.313359 0.313359 0.225658 0.225658 0.225658 0.225658
NaN NaN NaN NaN NaN NaN 0.919343 0.919343 0.919343 0.919343 0.919343 0.919343 0.919343 0.939653 0.939653 0.939653 0.939653 0.939653 0.939653 0.939653 0.939653 0.939653 0.965908 0.965908 0.965908 0.965908 0.965908 NaN NaN NaN NaN NaN NaN NaN NaN NaN NaN NaN NaN NaN 0.774270 0.774270 0.774270 0.774270 0.313359 0.313359 0.313359 0.313359 0.225658 0.225658 0.225658 0.225658
0.919343 0.919343 0.919343 NaN NaN NaN NaN 0.919343 0.919343 0.919343 0.919343 0.919343 0.919343 0.939653 0.939653 0.939653 0.939653 0.939653 0.939653 0.939653 0.939653 0.939653 0.965908 0.965908 0.965908 0.965908 NaN NaN NaN NaN NaN NaN NaN NaN NaN NaN NaN NaN NaN NaN 0.774270 0.774270 0.774270 0.774270 0.313359 0.313359 0.313359 0.313359 0.225658 0.225658 0.225658 0.225658
0.919343 0.919343 0.919343 0.919343 0.919343 NaN 0.919343 0.919343 0.919343 0.919343 0.919343 0.919343 0.919343 0.939653 0.939653 0.939653 0.939653 0.939653 0.939653 0.939653 0.829396 0.829396 0.965908 0.965908 0.965908 NaN NaN NaN NaN NaN NaN NaN NaN NaN NaN NaN NaN NaN NaN NaN 0.774270 0.774270 0.774270 0.774270 0.313359 0.313359 0.313359 0.299848 0.299848 0.225658 0.225658 0.225658
0.919343 0.919343 0.919343 0.919343 0.919343 0.919343 0.919343 0.919343 0.919343 0.919343 0.919343 0.919343 0.919343 0.939653 0.939653 0.939653 0.939653 0.939653 0.939653 0.939653 0.829396 0.829396 0.965908 0.965908 0.965908 NaN NaN NaN NaN NaN NaN NaN NaN NaN NaN NaN NaN NaN NaN 0.774270 0.774270 0.774270 0.774270 0.774270 0.313359 0.313359 0.299848 0.299848 0.299848 0.299848 0.225658 0.225658
0.881428 0.919343 0.919343 0.919343 0.919343 0.919343 0.919343 0.919343 0.919343 0.919343 0.919343 0.919343 0.919343 0.939653 0.939653 0.939653 0.939653 0.939653 0.939653 0.939653 0.829396 0.829396 0.965908 0.965908 0.965908 0.965908 NaN NaN NaN NaN NaN NaN NaN NaN NaN NaN NaN NaN NaN 0.774270 0.774270 0.774270 0.774270 0.313359 0.313359 0.299848 0.299848 0.299848 0.299848 0.299848 0.225658 0.225658
0.881428 0.881428 NaN 0.919343 NaN 0.919343 0.919343 0.919343 0.919343 0.919343 0.919343 0.919343 0.919343 0.919343 0.939653 0.939653 0.939653 0.939653 0.939653 0.829396 0.829396 0.829396 0.965908 0.965908 0.965908 0.965908 0.965193 NaN NaN NaN NaN NaN NaN NaN NaN NaN NaN NaN NaN NaN 0.774270 0.774270 0.313359 0.313359 0.299848 NaN 0.299848 0.299848 0.299848 0.299848 0.225658 0.225658
NaN 0.881428 NaN 0.919343 NaN 0.919343 0.919343 0.919343 0.919343 0.919343 0.919343 0.919343 0.919343 0.919343 0.919343 0.939653 0.939653 0.939653 0.939653 0.829396 0.829396 0.829396 0.965908 0.965908 0.965193 0.965193 0.965193 0.965193 NaN NaN NaN NaN NaN NaN NaN NaN NaN NaN NaN NaN 0.774270 NaN 0.313359 0.299848 0.299848 NaN NaN 0.299848 0.299848 0.299848 0.299848 0.225658
NaN NaN 0.881428 0.881428 0.919343 NaN 0.919343 0.919343 0.919343 0.919343 0.919343 0.919343 0.919343 0.919343 0.919343 0.915227 0.915227 0.939653 0.939653 0.829396 0.829396 0.965908 0.965908 0.965908 0.965193 0.965193 0.965193 0.965193 0.965193 NaN NaN NaN NaN NaN NaN NaN NaN NaN NaN NaN NaN NaN NaN NaN NaN NaN NaN 0.299848 0.299848 0.299848 0.299848 0.225658
NaN NaN 0.881428 0.881428 0.881428 NaN 0.919343 0.919343 0.919343 0.919343 0.919343 0.919343 0.915227 0.915227 0.915227 0.915227 0.915227 0.915227 0.915227 0.915227 0.829396 0.829396 0.965908 0.965908 0.965193 0.965193 0.965193 0.965193 0.965193 0.965193 NaN NaN NaN NaN NaN NaN NaN NaN NaN NaN NaN NaN NaN NaN NaN NaN NaN NaN 0.299848 0.299848 0.299848 0.299848
NaN NaN 0.881428 0.881428 NaN 0.842177 0.842177 0.842177 0.919343 0.919343 0.919343 0.915227 0.915227 0.915227 0.915227 0.915227 0.915227 0.915227 0.915227 0.915227 0.829396 0.829396 0.829396 0.965193 0.965193 0.965193 0.965193 0.965193 0.965193 0.965193 0.965193 NaN NaN NaN NaN NaN NaN NaN NaN NaN NaN NaN NaN NaN NaN NaN NaN NaN 0.299848 0.299848 0.299848 0.299848
0.881428 0.881428 0.881428 NaN NaN 0.842177 0.842177 0.842177 0.842177 0.842177 0.915227 0.915227 0.915227 0.915227 0.915227 0.915227 0.915227 0.915227 0.915227 0.829396 0.829396 0.829396 0.829396 NaN NaN NaN 0.965193 0.965193 0.965193 0.965193 0.965193 NaN NaN NaN NaN NaN NaN NaN 0.965193 NaN NaN NaN NaN NaN NaN NaN NaN NaN 0.299848 0.299848 0.299848 0.299848
0.881428 0.881428 0.881428 NaN NaN 0.842177 0.842177 0.842177 0.842177 0.842177 0.915227 0.915227 0.915227 0.915227 0.915227 0.915227 0.915227 0.915227 0.915227 0.829396 0.829396 0.829396 0.829396 NaN NaN NaN 0.965193 0.965193 0.965193 0.965193 0.965193 0.965193 NaN NaN NaN NaN NaN NaN 0.965193 NaN NaN NaN NaN NaN NaN NaN NaN NaN 0.299848 0.299848 0.299848 0.299848
0.881428 0.881428 0.881428 NaN NaN NaN 0.842177 0.842177 0.842177 0.842177 0.915227 0.915227 0.915227 0.915227 0.915227 0.915227 0.915227 0.915227 0.915227 0.829396 0.829396 0.829396 0.918877 0.985210 NaN NaN NaN 0.965193 0.965193 0.965193 0.965193 0.965193 NaN NaN NaN NaN NaN NaN 0.965193 0.965193 NaN NaN NaN NaN NaN NaN NaN NaN 0.299848 0.299848 0.299848 0.299848
0.881428 0.881428 0.881428 NaN NaN NaN 0.842177 0.842177 0.842177 0.842177 0.842177 0.915227 0.915227 0.915227 0.915227 0.915227 0.915227 0.915227 0.915227 0.829396 0.915227 0.915227 0.918877 0.985210 NaN NaN NaN NaN NaN 0.965193 0.965193 0.965193 0.965193 NaN NaN NaN NaN NaN 0.965193 0.965193 NaN NaN NaN NaN NaN NaN NaN NaN NaN 0.299848 0.299848 0.299848
0.881428 0.881428 NaN NaN NaN NaN 0.842177 0.842177 0.842177 0.842177 0.842177 0.915227 0.915227 0.915227 0.915227 0.915227 0.915227 0.915227 0.915227 0.829396 0.915227 0.918877 0.985210 0.985210 NaN NaN NaN NaN NaN NaN 0.965193 0.965193 0.965193 NaN NaN NaN NaN NaN 0.965193 0.965193 0.965193 NaN NaN NaN NaN NaN NaN NaN NaN 0.299848 0.299848 0.299848
0.881428 0.881428 NaN NaN NaN NaN 0.842177 0.842177 0.842177 0.842177 0.842177 0.842177 0.915227 0.915227 0.915227 0.915227 0.915227 0.915227 0.915227 0.915227 0.918877 0.985210 0.985210 0.985210 0.985210 0.985210 NaN NaN NaN NaN 0.965193 0.965193 0.965193 0.965193 NaN NaN NaN 0.965193 0.965193 0.965193 NaN NaN NaN NaN NaN NaN NaN NaN NaN 0.299848 0.299848 0.299848
0.881428 0.881428 NaN NaN NaN 0.842177 0.842177 0.842177 0.842177 0.842177 0.842177 0.842177 0.915227 0.915227 0.915227 0.915227 0.918877 0.918877 0.915227 0.918877 0.985210 0.985210 0.985210 0.985210 0.985210 0.985210 0.985210 NaN NaN NaN 0.965193 0.965193 0.965193 0.965193 0.965193 NaN NaN 0.965193 NaN NaN NaN NaN NaN NaN NaN NaN NaN NaN NaN NaN NaN 0.299848
