data/glues_euroclim_fep_05000BC.asc
ncols	104
nrows	52
xllcorner	-9.750000
yllcorner	31.250000
cellsize	0.500000
NODATA_value	NaN
[rows 0 to 25 of 26, columns 0 to 62 of 104]
0.090240 0.090240 0.090240 0.090240 0.090240 0.600000 0.600000 0.600000 0.090240 0.600000 0.600000 0.090240 0.090240 0.090240 0.090240 0.090240 0.090240 0.090240 0.090240 0.090240 0.090240 0.090240 0.090240 0.090240 0.090240 0.090240 0.090240 0.090240 0.090240 0.090240 0.090240 0.090240 0.090240 0.090240 0.090240 0.090240 0.090240 0.090240 0.090240 0.090240 0.090240 0.090240 0.090240 0.090240 0.090240 0.090240 0.090240 0.090240 0.090240 0.090240 0.090240 0.684791 0.090240 0.090240 0.090240 0.090240 0.090240 0.600000 0.600000 0.600000 0.600000 0.600000 0.600000
0.090240 0.090240 0.090240 0.090240 0.090240 0.600000 0.600000 0.600000 0.600000 0.600000 0.600000 0.090240 0.090240 0.090240 0.090240 0.090240 0.090240 0.090240 0.090240 0.090240 0.090240 0.090240 0.090240 0.090240 0.090240 0.090240 0.090240 0.269811 0.269811 0.269811 0.269811 0.269811 0.269811 0.269811 0.869440 0.869440 0.869440 0.869440 0.869440 0.869440 0.090240 0.090240 0.090240 0.090240 0.090240 0.090240 0.090240 0.090240 0.684791 0.684791 0.684791 0.684791 0.090240 0.090240 0.090240 0.090240 0.600000 0.600000 0.600000 0.600000 0.600000 0.600000 0.600000
0.090240 0.090240 0.090240 0.090240 0.600000 0.600000 0.600000 0.600000 0.600000 0.600000 0.090240 0.090240 0.090240 0.090240 0.090240 0.090240 0.090240 0.090240 0.090240 0.090240 0.090240 0.090240 0.090240 0.090240 0.090240 0.090240 0.269811 0.269811 0.269811 0.269811 0.269811 0.269811 0.869440 0.869440 0.869440 0.869440 0.869440 0.869440 0.869440 0.869440 0.090240 0.090240 0.090240 0.090240 0.090240 0.090240 0.090240 0.684791 0.684791 0.684791 0.684791 0.752499 0.090240 0.090240 0.090240 0.600000 0.600000 0.600000 0.600000 0.600000 0.600000 0.600000 0.090240
0.090240 0.090240 0.090240 0.600000 0.600000 0.600000 0.600000 0.600000 0.600000 0.600000 0.090240 0.090240 0.090240 0.090240 0.090240 0.090240 0.090240 0.090240 0.090240 0.090240 0.090240 0.090240 0.090240 0.090240 0.090240 0.090240 0.090240 0.269811 0.269811 0.269811 0.269811 0.869440 0.869440 0.869440 0.869440 0.869440 0.869440 0.869440 0.869440 0.869440 0.090240 0.090240 0.090240 0.090240 0.090240 0.090240 0.752499 0.752499 0.684791 0.684791 0.684791 0.752499 0.090240 0.090240 0.090240 0.600000 0.600000 0.600000 0.600000 0.600000 0.600000 0.090240 0.090240
0.881428 0.881428 0.881428 0.090240 0.600000 0.600000 0.090240 0.090240 0.090240 0.090240 0.090240 0.090240 0.090240 0.090240 0.090240 0.090240 0.090240 0.090240 0.090240 0.090240 0.090240 0.090240 0.090240 0.090240 0.090240 0.090240 0.090240 0.269811 0.709695 0.709695 0.709695 0.709695 0.709695 0.869440 0.869440 0.869440 0.869440 0.869440 0.763729 0.763729 0.763729 0.763729 0.763729 0.752499 0.752499 0.752499 0.752499 0.752499 0.752499 0.752499 0.752499 0.684791 0.881428 0.881428 0.881428 0.090240 0.090240 0.090240 0.090240 0.090240 0.090240 0.090240 0.090240
0.881428 0.881428 0.881428 0.881428 0.881428 0.090240 0.090240 0.090240 0.090240 0.090240 0.789359 0.090240 0.090240 0.789359 0.090240 0.090240 0.090240 0.090240 0.090240 0.090240 0.090240 0.090240 0.090240 0.090240 0.090240 0.090240 0.090240 0.709695 0.709695 0.709695 0.709695 0.709695 0.709695 0.942072 0.942072 0.942072 0.942072 0.942072 0.763729 0.763729 0.763729 0.090240 0.090240 0.752499 0.752499 0.752499 0.752499 0.752499 0.402154 0.752499 0.714908 0.714908 0.881428 0.881428 0.881428 0.881428 0.881428 0.090240 0.090240 0.789359 0.090240 0.789359 0.789359
0.881428 0.881428 0.881428 0.881428 0.090240 0.090240 0.090240 0.789359 0.789359 0.789359 0.789359 0.789359 0.789359 0.789359 0.090240 0.090240 0.918877 0.918877 0.918877 0.090240 0.090240 0.090240 0.090240 0.090240 0.090240 0.090240 0.090240 0.709695 0.709695 0.709695 0.709695 0.709695 0.709695 0.942072 0.942072 0.942072 0.942072 0.942072 0.942072 0.763729 0.763729 0.090240 0.090240 0.752499 0.752499 0.752499 0.402154 0.402154 0.402154 0.714908 0.714908 0.714908 0.881428 0.881428 0.881428 0.901209 0.901209 0.901209 0.090240 0.789359 0.789359 0.789359 0.789359
0.881428 0.090240 0.881428 0.901209 0.901209 0.901209 0.901209 0.901209 0.789359 0.789359 0.789359 0.789359 0.789359 0.090240 0.090240 0.090240 0.090240 0.918877 0.918877 0.090240 0.090240 0.090240 0.090240 0.090240 0.090240 0.090240 0.090240 0.709695 0.709695 0.709695 0.709695 0.964144 0.964144 0.964144 0.942072 0.942072 0.942072 0.942072 0.942072 0.942072 0.763729 0.090240 0.090240 0.090240 0.752499 0.402154 0.402154 0.402154 0.402154 0.714908 0.714908 0.714908 0.090240 0.090240 0.901209 0.901209 0.901209 0.901209 0.901209 0.901209 0.901209 0.789359 0.789359
0.090240 0.090240 0.090240 0.901209 0.901209 0.901209 0.901209 0.901209 0.901209 0.901209 0.901209 0.789359 0.789359 0.090240 0.090240 0.918877 0.918877 0.918877 0.918877 0.918877 0.918877 0.090240 0.090240 0.090240 0.090240 0.090240 0.090240 0.709695 0.709695 0.709695 0.964144 0.964144 0.964144 0.964144 0.942072 0.942072 0.942072 0.763729 0.763729 0.763729 0.090240 0.090240 0.090240 0.090240 0.313359 0.402154 0.402154 0.402154 0.402154 0.402154 0.486082 0.486082 0.090240 0.090240 0.090240 0.090240 0.901209 0.901209 0.901209 0.901209 0.901209 0.901209 0.901209
0.090240 0.090240 0.090240 0.090240 0.090240 0.901209 0.901209 0.901209 0.901209 0.901209 0.901209 0.789359 0.789359 0.090240 0.090240 0.789359 0.789359 0.789359 0.918877 0.918877 0.918877 0.918877 0.918877 0.918877 0.918877 0.918877 0.964144 0.964144 0.964144 0.964144 0.964144 0.964144 0.964144 0.964144 0.964144 0.964144 0.763729 0.763729 0.763729 0.090240 0.090240 0.090240 0.313359 0.313359 0.313359 0.313359 0.402154 0.402154 0.402154 0.486082 0.486082 0.486082 0.090240 0.090240 0.090240 0.090240 0.090240 0.090240 0.901209 0.901209 0.901209 0.901209 0.789359
0.090240 0.090240 0.090240 0.090240 0.090240 0.090240 0.090240 0.901209 0.901209 0.789359 0.789359 0.789359 0.789359 0.090240 0.789359 0.789359 0.789359 0.789359 0.789359 0.789359 0.789359 0.918877 0.918877 0.918877 0.964144 0.964144 0.964144 0.964144 0.964144 0.964144 0.964144 0.964144 0.964144 0.964144 0.090240 0.090240 0.090240 0.090240 0.090240 0.090240 0.090240 0.090240 0.313359 0.313359 0.313359 0.313359 0.313359 0.402154 0.486082 0.486082 0.486082 0.486082 0.090240 0.090240 0.090240 0.090240 0.090240 0.090240 0.090240 0.090240 0.901209 0.789359 0.789359
0.090240 0.090240 0.090240 0.090240 0.090240 0.090240 0.090240 0.090240 0.901209 0.789359 0.090240 0.789359 0.090240 0.090240 0.789359 0.789359 0.789359 0.789359 0.789359 0.789359 0.789359 0.789359 0.789359 0.789359 0.964144 0.964144 0.964144 0.964144 0.964144 0.964144 0.964144 0.964144 0.090240 0.090240 0.090240 0.090240 0.090240 0.090240 0.090240 0.090240 0.090240 0.313359 0.313359 0.313359 0.313359 0.313359 0.313359 0.313359 0.651459 0.486082 0.486082 0.486082 0.090240 0.090240 0.090240 0.090240 0.090240 0.090240 0.090240 0.090240 0.090240 0.090240 0.090240
0.090240 0.090240 0.090240 0.090240 0.090240 0.090240 0.090240 0.090240 0.090240 0.090240 0.090240 0.090240 0.789359 0.789359 0.789359 0.789359 0.789359 0.789359 0.789359 0.789359 0.789359 0.789359 0.789359 0.789359 0.789359 0.964144 0.964144 0.964144 0.964144 0.964144 0.964144 0.090240 0.090240 0.090240 0.090240 0.090240 0.090240 0.090240 0.090240 0.090240 0.090240 0.313359 0.313359 0.651459 0.651459 0.651459 0.651459 0.486082 0.486082 0.486082 0.486082 0.486082 0.090240 0.090240 0.090240 0.090240 0.090240 0.090240 0.090240 0.090240 0.090240 0.090240 0.090240
0.090240 0.090240 0.090240 0.090240 0.090240 0.090240 0.090240 0.090240 0.090240 0.090240 0.090240 0.789359 0.789359 0.789359 0.789359 0.789359 0.789359 0.789359 0.789359 0.789359 0.789359 0.789359 0.789359 0.789359 0.789359 0.789359 0.789359 0.964144 0.090240 0.090240 0.090240 0.090240 0.090240 0.090240 0.090240 0.090240 0.090240 0.090240 0.090240 0.090240 0.313359 0.651459 0.651459 0.651459 0.651459 0.651459 0.651459 0.486082 0.486082 0.486082 0.486082 0.486082 0.090240 0.090240 0.090240 0.090240 0.090240 0.090240 0.090240 0.090240 0.090240 0.090240 0.090240
0.090240 0.090240 0.090240 0.090240 0.090240 0.090240 0.090240 0.090240 0.090240 0.090240 0.789359 0.789359 0.789359 0.789359 0.789359 0.789359 0.789359 0.789359 0.789359 0.789359 0.789359 0.789359 0.789359 0.789359 0.789359 0.964144 0.964144 0.090240 0.090240 0.090240 0.090240 0.090240 0.090240 0.090240 0.090240 0.090240 0.090240 0.090240 0.090240 0.090240 0.544310 0.651459 0.651459 0.651459 0.651459 0.651459 0.628570 0.628570 0.486082 0.486082 0.486082 0.486082 0.090240 0.090240 0.090240 0.090240 0.090240 0.090240 0.090240 0.090240 0.789359 0.789359 0.789359
0.090240 0.090240 0.090240 0.090240 0.090240 0.090240 0.090240 0.090240 0.090240 0.651136 0.651136 0.651136 0.789359 0.789359 0.789359 0.789359 0.789359 0.789359 0.789359 0.789359 0.789359 0.789359 0.789359 0.789359 0.789359 0.789359 0.964144 0.090240 0.090240 0.090240 0.090240 0.090240 0.090240 0.090240 0.090240 0.090240 0.090240 0.090240 0.090240 0.090240 0.544310 0.544310 0.544310 0.628570 0.628570 0.628570 0.628570 0.628570 0.628570 0.628570 0.238682 0.238682 0.090240 0.090240 0.090240 0.090240 0.090240 0.090240 0.090240 0.842177 0.842177 0.842177 0.651136
0.090240 0.090240 0.090240 0.090240 0.090240 0.090240 0.090240 0.842177 0.842177 0.842177 0.842177 0.651136 0.651136 0.651136 0.651136 0.651136 0.789359 0.789359 0.789359 0.789359 0.789359 0.789359 0.789359 0.789359 0.789359 0.789359 0.789359 0.964144 0.090240 0.090240 0.090240 0.090240 0.090240 0.090240 0.090240 0.090240 0.090240 0.090240 0.090240 0.090240 0.544310 0.544310 0.544310 0.544310 0.628570 0.628570 0.628570 0.628570 0.628570 0.628570 0.238682 0.238682 0.090240 0.090240 0.090240 0.090240 0.090240 0.090240 0.090240 0.842177 0.842177 0.842177 0.842177
0.090240 0.090240 0.090240 0.090240 0.090240 0.090240 0.090240 0.842177 0.842177 0.842177 0.842177 0.842177 0.842177 0.651136 0.651136 0.651136 0.651136 0.651136 0.651136 0.651136 0.651136 0.651136 0.651136 0.427013 0.427013 0.789359 0.427013 0.090240 0.090240 0.090240 0.090240 0.090240 0.090240 0.090240 0.090240 0.090240 0.090240 0.090240 0.090240 0.090240 0.544310 0.544310 0.544310 0.544310 0.628570 0.628570 0.628570 0.628570 0.238682 0.238682 0.238682 0.238682 0.090240 0.090240 0.090240 0.090240 0.090240 0.090240 0.842177 0.842177 0.842177 0.842177 0.842177
0.842177 0.842177 0.842177 0.090240 0.090240 0.090240 0.090240 0.842177 0.842177 0.842177 0.842177 0.842177 0.842177 0.651136 0.651136 0.651136 0.651136 0.651136 0.651136 0.651136 0.651136 0.651136 0.427013 0.427013 0.427013 0.427013 0.090240 0.090240 0.090240 0.090240 0.090240 0.090240 0.090240 0.090240 0.090240 0.090240 0.090240 0.090240 0.090240 0.090240 0.544310 0.544310 0.544310 0.544310 0.628570 0.628570 0.628570 0.628570 0.238682 0.238682 0.238682 0.238682 0.842177 0.842177 0.842177 0.842177 0.842177 0.090240 0.842177 0.842177 0.842177 0.842177 0.842177
0.842177 0.842177 0.842177 0.842177 0.842177 0.842177 0.842177 0.842177 0.842177 0.842177 0.842177 0.842177 0.842177 0.651136 0.651136 0.651136 0.651136 0.651136 0.651136 0.651136 0.864828 0.864828 0.427013 0.427013 0.427013 0.090240 0.090240 0.090240 0.090240 0.090240 0.090240 0.090240 0.090240 0.090240 0.090240 0.090240 0.090240 0.090240 0.090240 0.544310 0.544310 0.544310 0.544310 0.544310 0.628570 0.628570 0.359889 0.359889 0.359889 0.359889 0.238682 0.238682 0.530176 0.842177 0.842177 0.842177 0.842177 0.842177 0.842177 0.842177 0.842177 0.842177 0.842177
0.530176 0.530176 0.090240 0.842177 0.090240 0.842177 0.842177 0.842177 0.842177 0.842177 0.842177 0.842177 0.842177 0.842177 0.651136 0.651136 0.651136 0.651136 0.651136 0.864828 0.864828 0.864828 0.427013 0.427013 0.427013 0.427013 0.921779 0.090240 0.090240 0.090240 0.090240 0.090240 0.090240 0.090240 0.090240 0.090240 0.090240 0.090240 0.090240 0.090240 0.544310 0.544310 0.628570 0.628570 0.359889 0.090240 0.359889 0.359889 0.359889 0.359889 0.238682 0.238682 0.090240 0.530176 0.090240 0.842177 0.090240 0.842177 0.842177 0.842177 0.842177 0.842177 0.842177
0.090240 0.090240 0.530176 0.530176 0.842177 0.090240 0.842177 0.842177 0.842177 0.842177 0.842177 0.842177 0.842177 0.842177 0.842177 0.880922 0.880922 0.651136 0.651136 0.864828 0.864828 0.427013 0.427013 0.427013 0.921779 0.921779 0.921779 0.921779 0.921779 0.090240 0.090240 0.090240 0.090240 0.090240 0.090240 0.090240 0.090240 0.090240 0.090240 0.090240 0.090240 0.090240 0.090240 0.090240 0.090240 0.090240 0.090240 0.359889 0.359889 0.359889 0.359889 0.238682 0.090240 0.090240 0.530176 0.530176 0.530176 0.090240 0.842177 0.842177 0.842177 0.842177 0.842177
0.090240 0.090240 0.530176 0.530176 0.090240 0.858523 0.858523 0.858523 0.842177 0.842177 0.842177 0.880922 0.880922 0.880922 0.880922 0.880922 0.880922 0.880922 0.880922 0.880922 0.864828 0.864828 0.864828 0.921779 0.921779 0.921779 0.921779 0.921779 0.921779 0.921779 0.921779 0.090240 0.090240 0.090240 0.090240 0.090240 0.090240 0.090240 0.090240 0.090240 0.090240 0.090240 0.090240 0.090240 0.090240 0.090240 0.090240 0.090240 0.359889 0.359889 0.359889 0.359889 0.530176 0.530176 0.530176 0.090240 0.090240 0.858523 0.858523 0.858523 0.858523 0.858523 0.880922
0.530176 0.530176 0.530176 0.090240 0.090240 0.858523 0.858523 0.858523 0.858523 0.858523 0.880922 0.880922 0.880922 0.880922 0.880922 0.880922 0.880922 0.880922 0.880922 0.864828 0.864828 0.864828 0.864828 0.090240 0.090240 0.090240 0.921779 0.921779 0.921779 0.921779 0.921779 0.921779 0.090240 0.090240 0.090240 0.090240 0.090240 0.090240 0.921779 0.090240 0.090240 0.090240 0.090240 0.090240 0.090240 0.090240 0.090240 0.090240 0.359889 0.359889 0.359889 0.359889 0.530176 0.530176 0.530176 0.090240 0.090240 0.090240 0.858523 0.858523 0.858523 0.858523 0.880922
0.530176 0.530176 0.530176 0.090240 0.090240 0.090240 0.858523 0.858523 0.858523 0.858523 0.858523 0.880922 0.880922 0.880922 0.880922 0.880922 0.880922 0.880922 0.880922 0.864828 0.880922 0.880922 0.449971 0.858617 0.090240 0.090240 0.090240 0.090240 0.090240 0.921779 0.921779 0.921779 0.921779 0.090240 0.090240 0.090240 0.090240 0.090240 0.921779 0.921779 0.090240 0.090240 0.090240 0.090240 0.090240 0.090240 0.090240 0.090240 0.090240 0.359889 0.359889 0.359889 0.530176 0.530176 0.090240 0.090240 0.090240 0.090240 0.858523 0.858523 0.858523 0.858523 0.858523
0.530176 0.530176 0.090240 0.090240 0.090240 0.090240 0.858523 0.858523 0.858523 0.858523 0.858523 0.858523 0.880922 0.880922 0.880922 0.880922 0.880922 0.880922 0.880922 0.880922 0.449971 0.858617 0.858617 0.858617 0.858617 0.858617 0.090240 0.090240 0.090240 0.090240 0.921779 0.921779 0.921779 0.921779 0.090240 0.090240 0.090240 0.921779 0.921779 0.921779 0.090240 0.090240 0.090240 0.090240 0.090240 0.090240 0.090240 0.090240 0.090240 0.359889 0.359889 0.359889 0.530176 0.530176 0.090240 0.090240 0.090240 0.858523 0.858523 0.858523 0.858523 0.858523 0.858523
