data/glues_euroclim_region_05000BC.asc
ncols	104
nrows	52
xllcorner	-9.750000
yllcorner	31.250000
cellsize	0.500000
NODATA_value	NaN
 0  0  0  0  0 121 121 121  0 121 121  0  0  0  0  0  0  0  0  0  0  0  0  0  0  0  0  0  0  0  0  0  0  0  0  0  0  0  0  0  0  0  0  0  0  0  0  0  0  0  0 328
 0  0  0  0  0 121 121 121 121 121 121  0  0  0  0  0  0  0  0  0  0  0  0  0  0  0  0  0  0  0  0  0  0  0  0 251 251  0  0  0  0  0  0  0  0  0  0  0  0 328 328 328
 0  0  0  0  0 121 121 121 121 121 121  0  0  0  0  0  0  0  0  0  0  0  0  0  0  0  0 220 220 220 220 220 220 220 251 251 251 251 251 251  0  0  0  0  0  0  0  0 328 328 328 328
 0  0  0  0 121 121 121 121 121 121 121  0  0  0  0  0  0  0  0  0  0  0  0  0  0  0  0 220 220 220 220 220 220 251 251 251 251 251 251 251  0  0  0  0  0  0  0 328 328 328 328 328
 0  0  0  0 121 121 121 121 121 121  0  0  0  0  0  0  0  0  0  0  0  0  0  0  0  0 220 220 220 220 220 220 251 251 251 251 251 251 251 251  0  0  0  0  0  0  0 328 328 328 328 303
 0  0  0 121 121 121 121 121 121 121  0  0  0  0  0  0  0  0  0  0  0  0  0  0  0  0  0 220 220 220 220 220 251 251 251 251 251 251 251 251  0  0  0  0  0  0 303 328 328 328 328 303
 0  0  0 121 121 121 121 121 121 121  0  0  0  0  0  0  0  0  0  0  0  0  0  0  0  0  0 220 220 220 220 251 251 251 251 251 251 251 251 251  0  0  0  0  0  0 303 303 328 328 328 303
 0  0  0 121 121 121 121 121 121  0  0  0  0  0  0  0  0  0  0  0  0  0  0  0  0  0  0 220 220 220 220 229 251 251 251 251 251 251 251 263 263  0  0  0 303 303 303 303 303 328 303 328
92 92 92  0 121 121  0  0  0  0  0  0  0  0  0  0  0  0  0  0  0  0  0  0  0  0  0 220 229 229 229 229 229 251 251 251 251 251 263 263 263 263 263 303 303 303 303 303 303 303 303 328
92 92 92  0  0  0  0  0  0  0  0  0  0 159  0  0  0  0  0  0  0  0  0  0  0  0  0 229 229 229 229 229 229 251 251 251 251 251 263 263 263 263  0 303 303 303 303 303 303 303 328 352
92 92 92 92 92  0  0  0  0  0 159  0  0 159  0  0  0  0  0  0  0  0  0  0  0  0  0 229 229 229 229 229 229 252 252 252 252 252 263 263 263  0  0 303 303 303 303 303 315 303 352 352
92 92 92 92 92  0  0 159  0 159 159  0 159  0  0  0  0 170  0  0  0  0  0  0  0  0  0 229 229 229 229 229 229 252 252 252 252 252 263 263 263  0  0 303 303 303 303 315 315 315 352 352
92 92 92 92  0  0  0 159 159 159 159 159 159 159  0  0 170 170 170  0  0  0  0  0  0  0  0 229 229 229 229 229 229 252 252 252 252 252 252 263 263  0  0 303 303 303 315 315 315 352 352 352
92 92 92 109 109 109  0 159 159 159 159 159 159  0  0  0 170 170 170  0  0  0  0  0  0  0  0 229 229 229 229 229 229 252 252 252 252 252 252 252 263  0  0 303 303 303 315 315 315 352 352 352
92  0 92 109 109 109 109 109 159 159 159 159 159  0  0  0  0 170 170  0  0  0  0  0  0  0  0 229 229 229 229 210 210 210 252 252 252 252 252 252 263  0  0  0 303 315 315 315 315 352 352 352
 0  0 109 109 109 109 109 109 109 159 159 159 159  0  0  0  0 170 170 170  0  0  0  0  0  0  0 229 229 229 229 210 210 210 252 252 252 252 252 263 263  0  0  0 304 315 315 315 315 352 352 352
 0  0  0 109 109 109 109 109 109 109 109 159 159  0  0 170 170 170 170 170 170  0  0  0  0  0  0 229 229 229 210 210 210 210 252 252 252 263 263 263  0  0  0  0 304 315 315 315 315 315 333 333
 0  0  0  0 109 109 109 109 109 109 109 159 159  0  0 170 170 170 170 170 170 170  0  0  0 170 210 210 210 210 210 210 210 210 210 252 252 263 263  0  0  0  0 304 304 304 315 315 315 333 333 333
 0  0  0  0  0 109 109 109 109 109 109 159 159  0  0 159 159 159 170 170 170 170 170 170 170 170 210 210 210 210 210 210 210 210 210 210 263 263 263  0  0  0 304 304 304 304 315 315 315 333 333 333
 0  0  0  0  0  0 109 109 109 109 159 159 159  0  0 159 159 159 159 159 170 170 170 170 170 210 210 210 210 210 210 210 210 210 210 210 263  0  0  0  0  0 304 304 304 304 304 315 315 333 333 333
 0  0  0  0  0  0  0 109 109 159 159 159 159  0 159 159 159 159 159 159 159 170 170 170 210 210 210 210 210 210 210 210 210 210  0  0  0  0  0  0  0  0 304 304 304 304 304 315 333 333 333 333
 0  0  0  0  0  0  0  0 109 159 159 159  0  0 159 159 159 159 159 159 159 159 159 210 210 210 210 210 210 210 210 210 210  0  0  0  0  0  0  0  0 304 304 304 304 304 304 304 333 333 333 333
 0  0  0  0  0  0  0  0 109 159  0 159  0  0 159 159 159 159 159 159 159 159 159 159 210 210 210 210 210 210 210 210  0  0  0  0  0  0  0  0  0 304 304 304 304 304 304 304 294 333 333 333
 0  0  0  0  0  0  0  0  0  0  0  0 159 159 159 159 159 159 159 159 159 159 159 159 210 210 210 210 210 210 210 210  0  0  0  0  0  0  0  0  0 304 304 304 304 304 294 294 333 333 333 333
 0  0  0  0  0  0  0  0  0  0  0  0 159 159 159 159 159 159 159 159 159 159 159 159 159 210 210 210 210 210 210  0  0  0  0  0  0  0  0  0  0 304 304 294 294 294 294 333 333 333 333 333
 0  0  0  0  0  0  0  0  0  0  0  0 159 159 159 159 159 159 159 159 159 159 159 159 159 159 210 210 210 210 210  0  0  0  0  0  0  0  0  0 304 304 294 294 294 294 294 333 333 333 333 333
 0  0  0  0  0  0  0  0  0  0  0 159 159 159 159 159 159 159 159 159 159 159 159 159 159 159 159 210  0  0  0  0  0  0  0  0  0  0  0  0 304 294 294 294 294 294 294 333 333 333 333 333
 0  0  0  0  0  0  0  0  0  0  0 159 159 159 159 159 159 159 159 159 159 159 159 159 159 159 210  0  0  0  0  0  0  0  0  0  0  0  0  0 294 294 294 294 294 294 294 333 333 333 333 333
 0  0  0  0  0  0  0  0  0  0 159 159 159 159 159 159 159 159 159 159 159 159 159 159 159 210 210  0  0  0  0  0  0  0  0  0  0  0  0  0 278 294 294 294 294 294 305 305 333 333 333 333
 0  0  0  0  0  0  0  0 159 159 159 159 159 159 159 159 159 159 159 159 159 159 159 159 159 210 210  0  0  0  0  0  0  0  0  0  0  0  0  0 278 278 305 305 305 305 305 305 305 333 333 385
 0  0  0  0  0  0  0  0  0 157 157 157 159 159 159 159 159 159 159 159 159 159 159 159 159 159 210  0  0  0  0  0  0  0  0  0  0  0  0  0 278 278 278 305 305 305 305 305 305 305 385 385
 0  0  0  0  0  0  0 123 123 123 157 157 157 157 157 159 159 159 159 159 159 159 159 159 159 159 159 210  0  0  0  0  0  0  0  0  0  0  0  0 278 278 278 278 305 305 305 305 305 305 385 385
 0  0  0  0  0  0  0 123 123 123 123 157 157 157 157 157 159 159 159 159 159 159 159 159 159 159 159 210  0  0  0  0  0  0  0  0  0  0  0  0 278 278 278 278 305 305 305 305 305 305 385 385
 0  0  0  0  0  0  0 123 123 123 123 123 157 157 157 157 159 159 159 157 157 157 159 159 159 159 159  0  0  0  0  0  0  0  0  0  0  0  0  0 278 278 278 278 305 305 305 305 305 385 385 385
 0  0  0  0  0  0  0 123 123 123 123 123 123 157 157 157 157 157 157 157 157 157 157 203 203 159 203  0  0  0  0  0  0  0  0  0  0  0  0  0 278 278 278 278 305 305 305 305 385 385 385 385
 0  0  0  0  0  0 123 123 123 123 123 123 123 157 157 157 157 157 157 157 157 157 203 203 203 203 203  0  0  0  0  0  0  0  0  0  0  0  0  0 278 278 278 278 305 305 305 305 385 385 385 385
123 123 123  0  0  0  0 123 123 123 123 123 123 157 157 157 157 157 157 157 157 157 203 203 203 203  0  0  0  0  0  0  0  0  0  0  0  0  0  0 278 278 278 278 305 305 305 305 385 385 385 385
123 123 123 123 123  0 123 123 123 123 123 123 123 157 157 157 157 157 157 157 178 178 203 203 203  0  0  0  0  0  0  0  0  0  0  0  0  0  0  0 278 278 278 278 305 305 305 343 343 385 385 385
123 123 123 123 123 123 123 123 123 123 123 123 123 157 157 157 157 157 157 157 178 178 203 203 203  0  0  0  0  0  0  0  0  0  0  0  0  0  0 278 278 278 278 278 305 305 343 343 343 343 385 385
93 123 123 123 123 123 123 123 123 123 123 123 123 157 157 157 157 157 157 157 178 178 203 203 203 203  0  0  0  0  0  0  0  0  0  0  0  0  0 278 278 278 278 305 305 343 343 343 343 343 385 385
93 93  0 123  0 123 123 123 123 123 123 123 123 123 157 157 157 157 157 178 178 178 203 203 203 203 216  0  0  0  0  0  0  0  0  0  0  0  0  0 278 278 305 305 343  0 343 343 343 343 385 385
 0 93  0 123  0 123 123 123 123 123 123 123 123 123 123 157 157 157 157 178 178 178 203 203 216 216 216 216  0  0  0  0  0  0  0  0  0  0  0  0 278  0 305 343 343  0  0 343 343 343 343 385
 0  0 93 93 123  0 123 123 123 123 123 123 123 123 123 147 147 157 157 178 178 203 203 203 216 216 216 216 216  0  0  0  0  0  0  0  0  0  0  0  0  0  0  0  0  0  0 343 343 343 343 385
 0  0 93 93 93  0 123 123 123 123 123 123 147 147 147 147 147 147 147 147 178 178 203 203 216 216 216 216 216 216  0  0  0  0  0  0  0  0  0  0  0  0  0  0  0  0  0  0 343 343 343 343
 0  0 93 93  0 124 124 124 123 123 123 147 147 147 147 147 147 147 147 147 178 178 178 216 216 216 216 216 216 216 216  0  0  0  0  0  0  0  0  0  0  0  0  0  0  0  0  0 343 343 343 343
93 93 93  0  0 124 124 124 124 124 147 147 147 147 147 147 147 147 147 178 178 178 178  0  0  0 216 216 216 216 216  0  0  0  0  0  0  0 216  0  0  0  0  0  0  0  0  0 343 343 343 343
93 93 93  0  0 124 124 124 124 124 147 147 147 147 147 147 147 147 147 178 178 178 178  0  0  0 216 216 216 216 216 216  0  0  0  0  0  0 216  0  0  0  0  0  0  0  0  0 343 343 343 343
93 93 93  0  0  0 124 124 124 124 147 147 147 147 147 147 147 147 147 178 178 178 171 199  0  0  0 216 216 216 216 216  0  0  0  0  0  0 216 216  0  0  0  0  0  0  0  0 343 343 343 343
93 93 93  0  0  0 124 124 124 124 124 147 147 147 147 147 147 147 147 178 147 147 171 199  0  0  0  0  0 216 216 216 216  0  0  0  0  0 216 216  0  0  0  0  0  0  0  0  0 343 343 343
93 93  0  0  0  0 124 124 124 124 124 147 147 147 147 147 147 147 147 178 147 171 199 199  0  0  0  0  0  0 216 216 216  0  0  0  0  0 216 216 216  0  0  0  0  0  0  0  0 343 343 343
93 93  0  0  0  0 124 124 124 124 124 124 147 147 147 147 147 147 147 147 171 199 199 199 199 199  0  0  0  0 216 216 216 216  0  0  0 216 216 216  0  0  0  0  0  0  0  0  0 343 343 343
93 93  0  0  0 124 124 124 124 124 124 124 147 147 147 147 171 171 147 171 199 199 199 199 199 199 199  0  0  0 216 216 216 216 216  0  0 216  0  0  0  0  0  0  0  0  0  0  0  0  0 343
